reference_date,target_end_date,horizon,location,target,output_type,output_type_id,value
2025-03-01,2025-02-22,-1,ca,pct wk covid lab det,quantile,0.025,1.4
2025-03-01,2025-02-22,-1,ca,pct wk covid lab det,quantile,0.1,2.2
2025-03-01,2025-02-22,-1,ca,pct wk covid lab det,quantile,0.25,2.8
2025-03-01,2025-02-22,-1,ca,pct wk covid lab det,quantile,0.5,3.5
2025-03-01,2025-02-22,-1,ca,pct wk covid lab det,quantile,0.75,4.2
2025-03-01,2025-02-22,-1,ca,pct wk covid lab det,quantile,0.9,4.9
2025-03-01,2025-02-22,-1,ca,pct wk covid lab det,quantile,0.975,5.6
2025-03-01,2025-03-01,0,ca,pct wk covid lab det,quantile,0.025,1.8
2025-03-01,2025-03-01,0,ca,pct wk covid lab det,quantile,0.1,2.3
2025-03-01,2025-03-01,0,ca,pct wk covid lab det,quantile,0.25,2.7
2025-03-01,2025-03-01,0,ca,pct wk covid lab det,quantile,0.5,3.1
2025-03-01,2025-03-01,0,ca,pct wk covid lab det,quantile,0.75,3.5
2025-03-01,2025-03-01,0,ca,pct wk covid lab det,quantile,0.9,3.9
2025-03-01,2025-03-01,0,ca,pct wk covid lab det,quantile,0.975,4.5
2025-03-01,2025-03-08,1,ca,pct wk covid lab det,quantile,0.025,1.6
2025-03-01,2025-03-08,1,ca,pct wk covid lab det,quantile,0.1,2
2025-03-01,2025-03-08,1,ca,pct wk covid lab det,quantile,0.25,2.3
2025-03-01,2025-03-08,1,ca,pct wk covid lab det,quantile,0.5,2.7
2025-03-01,2025-03-08,1,ca,pct wk covid lab det,quantile,0.75,3.2
2025-03-01,2025-03-08,1,ca,pct wk covid lab det,quantile,0.9,3.5
2025-03-01,2025-03-08,1,ca,pct wk covid lab det,quantile,0.975,4
2025-03-01,2025-03-15,2,ca,pct wk covid lab det,quantile,0.025,1.3
2025-03-01,2025-03-15,2,ca,pct wk covid lab det,quantile,0.1,1.7
2025-03-01,2025-03-15,2,ca,pct wk covid lab det,quantile,0.25,2
2025-03-01,2025-03-15,2,ca,pct wk covid lab det,quantile,0.5,2.4
2025-03-01,2025-03-15,2,ca,pct wk covid lab det,quantile,0.75,2.8
2025-03-01,2025-03-15,2,ca,pct wk covid lab det,quantile,0.9,3.2
2025-03-01,2025-03-15,2,ca,pct wk covid lab det,quantile,0.975,3.7
2025-03-01,2025-03-22,3,ca,pct wk covid lab det,quantile,0.025,1.1
2025-03-01,2025-03-22,3,ca,pct wk covid lab det,quantile,0.1,1.4
2025-03-01,2025-03-22,3,ca,pct wk covid lab det,quantile,0.25,1.7
2025-03-01,2025-03-22,3,ca,pct wk covid lab det,quantile,0.5,2.1
2025-03-01,2025-03-22,3,ca,pct wk covid lab det,quantile,0.75,2.5
2025-03-01,2025-03-22,3,ca,pct wk covid lab det,quantile,0.9,2.9
2025-03-01,2025-03-22,3,ca,pct wk covid lab det,quantile,0.975,3.4
2025-03-01,2025-02-22,-1,territories,pct wk covid lab det,quantile,0.025,0
2025-03-01,2025-02-22,-1,territories,pct wk covid lab det,quantile,0.1,0
2025-03-01,2025-02-22,-1,territories,pct wk covid lab det,quantile,0.25,0
2025-03-01,2025-02-22,-1,territories,pct wk covid lab det,quantile,0.5,1.8
2025-03-01,2025-02-22,-1,territories,pct wk covid lab det,quantile,0.75,4.2
2025-03-01,2025-02-22,-1,territories,pct wk covid lab det,quantile,0.9,6.2
2025-03-01,2025-02-22,-1,territories,pct wk covid lab det,quantile,0.975,8.7
2025-03-01,2025-03-01,0,territories,pct wk covid lab det,quantile,0.025,0
2025-03-01,2025-03-01,0,territories,pct wk covid lab det,quantile,0.1,0
2025-03-01,2025-03-01,0,territories,pct wk covid lab det,quantile,0.25,0.2
2025-03-01,2025-03-01,0,territories,pct wk covid lab det,quantile,0.5,1.5
2025-03-01,2025-03-01,0,territories,pct wk covid lab det,quantile,0.75,2.8
2025-03-01,2025-03-01,0,territories,pct wk covid lab det,quantile,0.9,4.1
2025-03-01,2025-03-01,0,territories,pct wk covid lab det,quantile,0.975,5.6
2025-03-01,2025-03-08,1,territories,pct wk covid lab det,quantile,0.025,0
2025-03-01,2025-03-08,1,territories,pct wk covid lab det,quantile,0.1,0
2025-03-01,2025-03-08,1,territories,pct wk covid lab det,quantile,0.25,0
2025-03-01,2025-03-08,1,territories,pct wk covid lab det,quantile,0.5,0.9
2025-03-01,2025-03-08,1,territories,pct wk covid lab det,quantile,0.75,2.2
2025-03-01,2025-03-08,1,territories,pct wk covid lab det,quantile,0.9,3.3
2025-03-01,2025-03-08,1,territories,pct wk covid lab det,quantile,0.975,4.8
2025-03-01,2025-03-15,2,territories,pct wk covid lab det,quantile,0.025,0
2025-03-01,2025-03-15,2,territories,pct wk covid lab det,quantile,0.1,0
2025-03-01,2025-03-15,2,territories,pct wk covid lab det,quantile,0.25,0
2025-03-01,2025-03-15,2,territories,pct wk covid lab det,quantile,0.5,0.9
2025-03-01,2025-03-15,2,territories,pct wk covid lab det,quantile,0.75,2
2025-03-01,2025-03-15,2,territories,pct wk covid lab det,quantile,0.9,3.1
2025-03-01,2025-03-15,2,territories,pct wk covid lab det,quantile,0.975,4.7
2025-03-01,2025-03-22,3,territories,pct wk covid lab det,quantile,0.025,0
2025-03-01,2025-03-22,3,territories,pct wk covid lab det,quantile,0.1,0
2025-03-01,2025-03-22,3,territories,pct wk covid lab det,quantile,0.25,0
2025-03-01,2025-03-22,3,territories,pct wk covid lab det,quantile,0.5,0.8
2025-03-01,2025-03-22,3,territories,pct wk covid lab det,quantile,0.75,1.8
2025-03-01,2025-03-22,3,territories,pct wk covid lab det,quantile,0.9,2.8
2025-03-01,2025-03-22,3,territories,pct wk covid lab det,quantile,0.975,4.1
2025-03-01,2025-02-22,-1,nu,pct wk covid lab det,quantile,0.025,0
2025-03-01,2025-02-22,-1,nu,pct wk covid lab det,quantile,0.1,0
2025-03-01,2025-02-22,-1,nu,pct wk covid lab det,quantile,0.25,0
2025-03-01,2025-02-22,-1,nu,pct wk covid lab det,quantile,0.5,2.1
2025-03-01,2025-02-22,-1,nu,pct wk covid lab det,quantile,0.75,5.2
2025-03-01,2025-02-22,-1,nu,pct wk covid lab det,quantile,0.9,8
2025-03-01,2025-02-22,-1,nu,pct wk covid lab det,quantile,0.975,11.2
2025-03-01,2025-03-01,0,nu,pct wk covid lab det,quantile,0.025,0
2025-03-01,2025-03-01,0,nu,pct wk covid lab det,quantile,0.1,0
2025-03-01,2025-03-01,0,nu,pct wk covid lab det,quantile,0.25,0.5
2025-03-01,2025-03-01,0,nu,pct wk covid lab det,quantile,0.5,2.2
2025-03-01,2025-03-01,0,nu,pct wk covid lab det,quantile,0.75,4
2025-03-01,2025-03-01,0,nu,pct wk covid lab det,quantile,0.9,5.8
2025-03-01,2025-03-01,0,nu,pct wk covid lab det,quantile,0.975,7.9
2025-03-01,2025-03-08,1,nu,pct wk covid lab det,quantile,0.025,0
2025-03-01,2025-03-08,1,nu,pct wk covid lab det,quantile,0.1,0
2025-03-01,2025-03-08,1,nu,pct wk covid lab det,quantile,0.25,0
2025-03-01,2025-03-08,1,nu,pct wk covid lab det,quantile,0.5,1.3
2025-03-01,2025-03-08,1,nu,pct wk covid lab det,quantile,0.75,3
2025-03-01,2025-03-08,1,nu,pct wk covid lab det,quantile,0.9,4.6
2025-03-01,2025-03-08,1,nu,pct wk covid lab det,quantile,0.975,6.7
2025-03-01,2025-03-15,2,nu,pct wk covid lab det,quantile,0.025,0
2025-03-01,2025-03-15,2,nu,pct wk covid lab det,quantile,0.1,0
2025-03-01,2025-03-15,2,nu,pct wk covid lab det,quantile,0.25,0
2025-03-01,2025-03-15,2,nu,pct wk covid lab det,quantile,0.5,1.2
2025-03-01,2025-03-15,2,nu,pct wk covid lab det,quantile,0.75,2.7
2025-03-01,2025-03-15,2,nu,pct wk covid lab det,quantile,0.9,4.2
2025-03-01,2025-03-15,2,nu,pct wk covid lab det,quantile,0.975,6.4
2025-03-01,2025-03-22,3,nu,pct wk covid lab det,quantile,0.025,0
2025-03-01,2025-03-22,3,nu,pct wk covid lab det,quantile,0.1,0
2025-03-01,2025-03-22,3,nu,pct wk covid lab det,quantile,0.25,0
2025-03-01,2025-03-22,3,nu,pct wk covid lab det,quantile,0.5,1.1
2025-03-01,2025-03-22,3,nu,pct wk covid lab det,quantile,0.75,2.4
2025-03-01,2025-03-22,3,nu,pct wk covid lab det,quantile,0.9,3.8
2025-03-01,2025-03-22,3,nu,pct wk covid lab det,quantile,0.975,5.9
2025-03-01,2025-02-22,-1,bc,pct wk covid lab det,quantile,0.025,0
2025-03-01,2025-02-22,-1,bc,pct wk covid lab det,quantile,0.1,0
2025-03-01,2025-02-22,-1,bc,pct wk covid lab det,quantile,0.25,0.6
2025-03-01,2025-02-22,-1,bc,pct wk covid lab det,quantile,0.5,1.8
2025-03-01,2025-02-22,-1,bc,pct wk covid lab det,quantile,0.75,3.1
2025-03-01,2025-02-22,-1,bc,pct wk covid lab det,quantile,0.9,4.1
2025-03-01,2025-02-22,-1,bc,pct wk covid lab det,quantile,0.975,5.4
2025-03-01,2025-03-01,0,bc,pct wk covid lab det,quantile,0.025,0
2025-03-01,2025-03-01,0,bc,pct wk covid lab det,quantile,0.1,0.3
2025-03-01,2025-03-01,0,bc,pct wk covid lab det,quantile,0.25,1
2025-03-01,2025-03-01,0,bc,pct wk covid lab det,quantile,0.5,1.6
2025-03-01,2025-03-01,0,bc,pct wk covid lab det,quantile,0.75,2.3
2025-03-01,2025-03-01,0,bc,pct wk covid lab det,quantile,0.9,2.9
2025-03-01,2025-03-01,0,bc,pct wk covid lab det,quantile,0.975,3.6
2025-03-01,2025-03-08,1,bc,pct wk covid lab det,quantile,0.025,0
2025-03-01,2025-03-08,1,bc,pct wk covid lab det,quantile,0.1,0.3
2025-03-01,2025-03-08,1,bc,pct wk covid lab det,quantile,0.25,0.8
2025-03-01,2025-03-08,1,bc,pct wk covid lab det,quantile,0.5,1.4
2025-03-01,2025-03-08,1,bc,pct wk covid lab det,quantile,0.75,2
2025-03-01,2025-03-08,1,bc,pct wk covid lab det,quantile,0.9,2.6
2025-03-01,2025-03-08,1,bc,pct wk covid lab det,quantile,0.975,3.4
2025-03-01,2025-03-15,2,bc,pct wk covid lab det,quantile,0.025,0
2025-03-01,2025-03-15,2,bc,pct wk covid lab det,quantile,0.1,0.2
2025-03-01,2025-03-15,2,bc,pct wk covid lab det,quantile,0.25,0.7
2025-03-01,2025-03-15,2,bc,pct wk covid lab det,quantile,0.5,1.2
2025-03-01,2025-03-15,2,bc,pct wk covid lab det,quantile,0.75,1.8
2025-03-01,2025-03-15,2,bc,pct wk covid lab det,quantile,0.9,2.4
2025-03-01,2025-03-15,2,bc,pct wk covid lab det,quantile,0.975,3.1
2025-03-01,2025-03-22,3,bc,pct wk covid lab det,quantile,0.025,0
2025-03-01,2025-03-22,3,bc,pct wk covid lab det,quantile,0.1,0.2
2025-03-01,2025-03-22,3,bc,pct wk covid lab det,quantile,0.25,0.6
2025-03-01,2025-03-22,3,bc,pct wk covid lab det,quantile,0.5,1.1
2025-03-01,2025-03-22,3,bc,pct wk covid lab det,quantile,0.75,1.6
2025-03-01,2025-03-22,3,bc,pct wk covid lab det,quantile,0.9,2.1
2025-03-01,2025-03-22,3,bc,pct wk covid lab det,quantile,0.975,2.8
2025-03-01,2025-02-22,-1,prairies,pct wk covid lab det,quantile,0.025,0
2025-03-01,2025-02-22,-1,prairies,pct wk covid lab det,quantile,0.1,0
2025-03-01,2025-02-22,-1,prairies,pct wk covid lab det,quantile,0.25,0.7
2025-03-01,2025-02-22,-1,prairies,pct wk covid lab det,quantile,0.5,1.5
2025-03-01,2025-02-22,-1,prairies,pct wk covid lab det,quantile,0.75,2.3
2025-03-01,2025-02-22,-1,prairies,pct wk covid lab det,quantile,0.9,2.9
2025-03-01,2025-02-22,-1,prairies,pct wk covid lab det,quantile,0.975,3.7
2025-03-01,2025-03-01,0,prairies,pct wk covid lab det,quantile,0.025,0.1
2025-03-01,2025-03-01,0,prairies,pct wk covid lab det,quantile,0.1,0.6
2025-03-01,2025-03-01,0,prairies,pct wk covid lab det,quantile,0.25,1
2025-03-01,2025-03-01,0,prairies,pct wk covid lab det,quantile,0.5,1.4
2025-03-01,2025-03-01,0,prairies,pct wk covid lab det,quantile,0.75,1.8
2025-03-01,2025-03-01,0,prairies,pct wk covid lab det,quantile,0.9,2.2
2025-03-01,2025-03-01,0,prairies,pct wk covid lab det,quantile,0.975,2.6
2025-03-01,2025-03-08,1,prairies,pct wk covid lab det,quantile,0.025,0.1
2025-03-01,2025-03-08,1,prairies,pct wk covid lab det,quantile,0.1,0.5
2025-03-01,2025-03-08,1,prairies,pct wk covid lab det,quantile,0.25,0.9
2025-03-01,2025-03-08,1,prairies,pct wk covid lab det,quantile,0.5,1.2
2025-03-01,2025-03-08,1,prairies,pct wk covid lab det,quantile,0.75,1.6
2025-03-01,2025-03-08,1,prairies,pct wk covid lab det,quantile,0.9,2
2025-03-01,2025-03-08,1,prairies,pct wk covid lab det,quantile,0.975,2.4
2025-03-01,2025-03-15,2,prairies,pct wk covid lab det,quantile,0.025,0
2025-03-01,2025-03-15,2,prairies,pct wk covid lab det,quantile,0.1,0.4
2025-03-01,2025-03-15,2,prairies,pct wk covid lab det,quantile,0.25,0.7
2025-03-01,2025-03-15,2,prairies,pct wk covid lab det,quantile,0.5,1.1
2025-03-01,2025-03-15,2,prairies,pct wk covid lab det,quantile,0.75,1.4
2025-03-01,2025-03-15,2,prairies,pct wk covid lab det,quantile,0.9,1.8
2025-03-01,2025-03-15,2,prairies,pct wk covid lab det,quantile,0.975,2.2
2025-03-01,2025-03-22,3,prairies,pct wk covid lab det,quantile,0.025,0
2025-03-01,2025-03-22,3,prairies,pct wk covid lab det,quantile,0.1,0.3
2025-03-01,2025-03-22,3,prairies,pct wk covid lab det,quantile,0.25,0.6
2025-03-01,2025-03-22,3,prairies,pct wk covid lab det,quantile,0.5,0.9
2025-03-01,2025-03-22,3,prairies,pct wk covid lab det,quantile,0.75,1.3
2025-03-01,2025-03-22,3,prairies,pct wk covid lab det,quantile,0.9,1.6
2025-03-01,2025-03-22,3,prairies,pct wk covid lab det,quantile,0.975,2.1
2025-03-01,2025-02-22,-1,ab,pct wk covid lab det,quantile,0.025,0
2025-03-01,2025-02-22,-1,ab,pct wk covid lab det,quantile,0.1,0
2025-03-01,2025-02-22,-1,ab,pct wk covid lab det,quantile,0.25,0.6
2025-03-01,2025-02-22,-1,ab,pct wk covid lab det,quantile,0.5,1.6
2025-03-01,2025-02-22,-1,ab,pct wk covid lab det,quantile,0.75,2.6
2025-03-01,2025-02-22,-1,ab,pct wk covid lab det,quantile,0.9,3.5
2025-03-01,2025-02-22,-1,ab,pct wk covid lab det,quantile,0.975,4.5
2025-03-01,2025-03-01,0,ab,pct wk covid lab det,quantile,0.025,0
2025-03-01,2025-03-01,0,ab,pct wk covid lab det,quantile,0.1,0.4
2025-03-01,2025-03-01,0,ab,pct wk covid lab det,quantile,0.25,0.9
2025-03-01,2025-03-01,0,ab,pct wk covid lab det,quantile,0.5,1.4
2025-03-01,2025-03-01,0,ab,pct wk covid lab det,quantile,0.75,1.9
2025-03-01,2025-03-01,0,ab,pct wk covid lab det,quantile,0.9,2.4
2025-03-01,2025-03-01,0,ab,pct wk covid lab det,quantile,0.975,3
2025-03-01,2025-03-08,1,ab,pct wk covid lab det,quantile,0.025,0
2025-03-01,2025-03-08,1,ab,pct wk covid lab det,quantile,0.1,0.3
2025-03-01,2025-03-08,1,ab,pct wk covid lab det,quantile,0.25,0.7
2025-03-01,2025-03-08,1,ab,pct wk covid lab det,quantile,0.5,1.2
2025-03-01,2025-03-08,1,ab,pct wk covid lab det,quantile,0.75,1.7
2025-03-01,2025-03-08,1,ab,pct wk covid lab det,quantile,0.9,2.2
2025-03-01,2025-03-08,1,ab,pct wk covid lab det,quantile,0.975,2.7
2025-03-01,2025-03-15,2,ab,pct wk covid lab det,quantile,0.025,0
2025-03-01,2025-03-15,2,ab,pct wk covid lab det,quantile,0.1,0.2
2025-03-01,2025-03-15,2,ab,pct wk covid lab det,quantile,0.25,0.6
2025-03-01,2025-03-15,2,ab,pct wk covid lab det,quantile,0.5,1.1
2025-03-01,2025-03-15,2,ab,pct wk covid lab det,quantile,0.75,1.5
2025-03-01,2025-03-15,2,ab,pct wk covid lab det,quantile,0.9,2
2025-03-01,2025-03-15,2,ab,pct wk covid lab det,quantile,0.975,2.6
2025-03-01,2025-03-22,3,ab,pct wk covid lab det,quantile,0.025,0
2025-03-01,2025-03-22,3,ab,pct wk covid lab det,quantile,0.1,0.2
2025-03-01,2025-03-22,3,ab,pct wk covid lab det,quantile,0.25,0.5
2025-03-01,2025-03-22,3,ab,pct wk covid lab det,quantile,0.5,0.9
2025-03-01,2025-03-22,3,ab,pct wk covid lab det,quantile,0.75,1.4
2025-03-01,2025-03-22,3,ab,pct wk covid lab det,quantile,0.9,1.8
2025-03-01,2025-03-22,3,ab,pct wk covid lab det,quantile,0.975,2.3
2025-03-01,2025-02-22,-1,sk,pct wk covid lab det,quantile,0.025,0
2025-03-01,2025-02-22,-1,sk,pct wk covid lab det,quantile,0.1,0
2025-03-01,2025-02-22,-1,sk,pct wk covid lab det,quantile,0.25,0
2025-03-01,2025-02-22,-1,sk,pct wk covid lab det,quantile,0.5,1.2
2025-03-01,2025-02-22,-1,sk,pct wk covid lab det,quantile,0.75,2.5
2025-03-01,2025-02-22,-1,sk,pct wk covid lab det,quantile,0.9,3.8
2025-03-01,2025-02-22,-1,sk,pct wk covid lab det,quantile,0.975,5
2025-03-01,2025-03-01,0,sk,pct wk covid lab det,quantile,0.025,0
2025-03-01,2025-03-01,0,sk,pct wk covid lab det,quantile,0.1,0
2025-03-01,2025-03-01,0,sk,pct wk covid lab det,quantile,0.25,0.5
2025-03-01,2025-03-01,0,sk,pct wk covid lab det,quantile,0.5,1.2
2025-03-01,2025-03-01,0,sk,pct wk covid lab det,quantile,0.75,1.9
2025-03-01,2025-03-01,0,sk,pct wk covid lab det,quantile,0.9,2.6
2025-03-01,2025-03-01,0,sk,pct wk covid lab det,quantile,0.975,3.4
2025-03-01,2025-03-08,1,sk,pct wk covid lab det,quantile,0.025,0
2025-03-01,2025-03-08,1,sk,pct wk covid lab det,quantile,0.1,0
2025-03-01,2025-03-08,1,sk,pct wk covid lab det,quantile,0.25,0.4
2025-03-01,2025-03-08,1,sk,pct wk covid lab det,quantile,0.5,1.1
2025-03-01,2025-03-08,1,sk,pct wk covid lab det,quantile,0.75,1.7
2025-03-01,2025-03-08,1,sk,pct wk covid lab det,quantile,0.9,2.3
2025-03-01,2025-03-08,1,sk,pct wk covid lab det,quantile,0.975,3.1
2025-03-01,2025-03-15,2,sk,pct wk covid lab det,quantile,0.025,0
2025-03-01,2025-03-15,2,sk,pct wk covid lab det,quantile,0.1,0
2025-03-01,2025-03-15,2,sk,pct wk covid lab det,quantile,0.25,0.4
2025-03-01,2025-03-15,2,sk,pct wk covid lab det,quantile,0.5,0.9
2025-03-01,2025-03-15,2,sk,pct wk covid lab det,quantile,0.75,1.5
2025-03-01,2025-03-15,2,sk,pct wk covid lab det,quantile,0.9,2.1
2025-03-01,2025-03-15,2,sk,pct wk covid lab det,quantile,0.975,2.9
2025-03-01,2025-03-22,3,sk,pct wk covid lab det,quantile,0.025,0
2025-03-01,2025-03-22,3,sk,pct wk covid lab det,quantile,0.1,0
2025-03-01,2025-03-22,3,sk,pct wk covid lab det,quantile,0.25,0.3
2025-03-01,2025-03-22,3,sk,pct wk covid lab det,quantile,0.5,0.8
2025-03-01,2025-03-22,3,sk,pct wk covid lab det,quantile,0.75,1.3
2025-03-01,2025-03-22,3,sk,pct wk covid lab det,quantile,0.9,1.9
2025-03-01,2025-03-22,3,sk,pct wk covid lab det,quantile,0.975,2.5
2025-03-01,2025-02-22,-1,mb,pct wk covid lab det,quantile,0.025,0
2025-03-01,2025-02-22,-1,mb,pct wk covid lab det,quantile,0.1,0
2025-03-01,2025-02-22,-1,mb,pct wk covid lab det,quantile,0.25,0
2025-03-01,2025-02-22,-1,mb,pct wk covid lab det,quantile,0.5,1.4
2025-03-01,2025-02-22,-1,mb,pct wk covid lab det,quantile,0.75,2.8
2025-03-01,2025-02-22,-1,mb,pct wk covid lab det,quantile,0.9,4.1
2025-03-01,2025-02-22,-1,mb,pct wk covid lab det,quantile,0.975,5.6
2025-03-01,2025-03-01,0,mb,pct wk covid lab det,quantile,0.025,0
2025-03-01,2025-03-01,0,mb,pct wk covid lab det,quantile,0.1,0.1
2025-03-01,2025-03-01,0,mb,pct wk covid lab det,quantile,0.25,0.9
2025-03-01,2025-03-01,0,mb,pct wk covid lab det,quantile,0.5,1.6
2025-03-01,2025-03-01,0,mb,pct wk covid lab det,quantile,0.75,2.4
2025-03-01,2025-03-01,0,mb,pct wk covid lab det,quantile,0.9,3.1
2025-03-01,2025-03-01,0,mb,pct wk covid lab det,quantile,0.975,4
2025-03-01,2025-03-08,1,mb,pct wk covid lab det,quantile,0.025,0
2025-03-01,2025-03-08,1,mb,pct wk covid lab det,quantile,0.1,0.1
2025-03-01,2025-03-08,1,mb,pct wk covid lab det,quantile,0.25,0.7
2025-03-01,2025-03-08,1,mb,pct wk covid lab det,quantile,0.5,1.4
2025-03-01,2025-03-08,1,mb,pct wk covid lab det,quantile,0.75,2.1
2025-03-01,2025-03-08,1,mb,pct wk covid lab det,quantile,0.9,2.8
2025-03-01,2025-03-08,1,mb,pct wk covid lab det,quantile,0.975,3.7
2025-03-01,2025-03-15,2,mb,pct wk covid lab det,quantile,0.025,0
2025-03-01,2025-03-15,2,mb,pct wk covid lab det,quantile,0.1,0
2025-03-01,2025-03-15,2,mb,pct wk covid lab det,quantile,0.25,0.5
2025-03-01,2025-03-15,2,mb,pct wk covid lab det,quantile,0.5,1.1
2025-03-01,2025-03-15,2,mb,pct wk covid lab det,quantile,0.75,1.7
2025-03-01,2025-03-15,2,mb,pct wk covid lab det,quantile,0.9,2.3
2025-03-01,2025-03-15,2,mb,pct wk covid lab det,quantile,0.975,3.2
2025-03-01,2025-03-22,3,mb,pct wk covid lab det,quantile,0.025,0
2025-03-01,2025-03-22,3,mb,pct wk covid lab det,quantile,0.1,0
2025-03-01,2025-03-22,3,mb,pct wk covid lab det,quantile,0.25,0.4
2025-03-01,2025-03-22,3,mb,pct wk covid lab det,quantile,0.5,1
2025-03-01,2025-03-22,3,mb,pct wk covid lab det,quantile,0.75,1.6
2025-03-01,2025-03-22,3,mb,pct wk covid lab det,quantile,0.9,2.2
2025-03-01,2025-03-22,3,mb,pct wk covid lab det,quantile,0.975,3
2025-03-01,2025-02-22,-1,on,pct wk covid lab det,quantile,0.025,2
2025-03-01,2025-02-22,-1,on,pct wk covid lab det,quantile,0.1,3.1
2025-03-01,2025-02-22,-1,on,pct wk covid lab det,quantile,0.25,4.2
2025-03-01,2025-02-22,-1,on,pct wk covid lab det,quantile,0.5,5.4
2025-03-01,2025-02-22,-1,on,pct wk covid lab det,quantile,0.75,6.6
2025-03-01,2025-02-22,-1,on,pct wk covid lab det,quantile,0.9,7.7
2025-03-01,2025-02-22,-1,on,pct wk covid lab det,quantile,0.975,8.9
2025-03-01,2025-03-01,0,on,pct wk covid lab det,quantile,0.025,2.6
2025-03-01,2025-03-01,0,on,pct wk covid lab det,quantile,0.1,3.4
2025-03-01,2025-03-01,0,on,pct wk covid lab det,quantile,0.25,4.1
2025-03-01,2025-03-01,0,on,pct wk covid lab det,quantile,0.5,4.8
2025-03-01,2025-03-01,0,on,pct wk covid lab det,quantile,0.75,5.6
2025-03-01,2025-03-01,0,on,pct wk covid lab det,quantile,0.9,6.4
2025-03-01,2025-03-01,0,on,pct wk covid lab det,quantile,0.975,7.3
2025-03-01,2025-03-08,1,on,pct wk covid lab det,quantile,0.025,2.2
2025-03-01,2025-03-08,1,on,pct wk covid lab det,quantile,0.1,2.9
2025-03-01,2025-03-08,1,on,pct wk covid lab det,quantile,0.25,3.6
2025-03-01,2025-03-08,1,on,pct wk covid lab det,quantile,0.5,4.3
2025-03-01,2025-03-08,1,on,pct wk covid lab det,quantile,0.75,5.1
2025-03-01,2025-03-08,1,on,pct wk covid lab det,quantile,0.9,5.8
2025-03-01,2025-03-08,1,on,pct wk covid lab det,quantile,0.975,6.7
2025-03-01,2025-03-15,2,on,pct wk covid lab det,quantile,0.025,1.8
2025-03-01,2025-03-15,2,on,pct wk covid lab det,quantile,0.1,2.5
2025-03-01,2025-03-15,2,on,pct wk covid lab det,quantile,0.25,3.1
2025-03-01,2025-03-15,2,on,pct wk covid lab det,quantile,0.5,3.8
2025-03-01,2025-03-15,2,on,pct wk covid lab det,quantile,0.75,4.6
2025-03-01,2025-03-15,2,on,pct wk covid lab det,quantile,0.9,5.3
2025-03-01,2025-03-15,2,on,pct wk covid lab det,quantile,0.975,6.2
2025-03-01,2025-03-22,3,on,pct wk covid lab det,quantile,0.025,1.4
2025-03-01,2025-03-22,3,on,pct wk covid lab det,quantile,0.1,2.1
2025-03-01,2025-03-22,3,on,pct wk covid lab det,quantile,0.25,2.6
2025-03-01,2025-03-22,3,on,pct wk covid lab det,quantile,0.5,3.3
2025-03-01,2025-03-22,3,on,pct wk covid lab det,quantile,0.75,4
2025-03-01,2025-03-22,3,on,pct wk covid lab det,quantile,0.9,4.7
2025-03-01,2025-03-22,3,on,pct wk covid lab det,quantile,0.975,5.6
2025-03-01,2025-02-22,-1,qc,pct wk covid lab det,quantile,0.025,1.2
2025-03-01,2025-02-22,-1,qc,pct wk covid lab det,quantile,0.1,2.2
2025-03-01,2025-02-22,-1,qc,pct wk covid lab det,quantile,0.25,3.2
2025-03-01,2025-02-22,-1,qc,pct wk covid lab det,quantile,0.5,4.2
2025-03-01,2025-02-22,-1,qc,pct wk covid lab det,quantile,0.75,5.2
2025-03-01,2025-02-22,-1,qc,pct wk covid lab det,quantile,0.9,6.1
2025-03-01,2025-02-22,-1,qc,pct wk covid lab det,quantile,0.975,7.2
2025-03-01,2025-03-01,0,qc,pct wk covid lab det,quantile,0.025,1.8
2025-03-01,2025-03-01,0,qc,pct wk covid lab det,quantile,0.1,2.5
2025-03-01,2025-03-01,0,qc,pct wk covid lab det,quantile,0.25,3
2025-03-01,2025-03-01,0,qc,pct wk covid lab det,quantile,0.5,3.6
2025-03-01,2025-03-01,0,qc,pct wk covid lab det,quantile,0.75,4.2
2025-03-01,2025-03-01,0,qc,pct wk covid lab det,quantile,0.9,4.8
2025-03-01,2025-03-01,0,qc,pct wk covid lab det,quantile,0.975,5.4
2025-03-01,2025-03-08,1,qc,pct wk covid lab det,quantile,0.025,1.5
2025-03-01,2025-03-08,1,qc,pct wk covid lab det,quantile,0.1,2.1
2025-03-01,2025-03-08,1,qc,pct wk covid lab det,quantile,0.25,2.6
2025-03-01,2025-03-08,1,qc,pct wk covid lab det,quantile,0.5,3.2
2025-03-01,2025-03-08,1,qc,pct wk covid lab det,quantile,0.75,3.7
2025-03-01,2025-03-08,1,qc,pct wk covid lab det,quantile,0.9,4.3
2025-03-01,2025-03-08,1,qc,pct wk covid lab det,quantile,0.975,5
2025-03-01,2025-03-15,2,qc,pct wk covid lab det,quantile,0.025,1.3
2025-03-01,2025-03-15,2,qc,pct wk covid lab det,quantile,0.1,1.8
2025-03-01,2025-03-15,2,qc,pct wk covid lab det,quantile,0.25,2.2
2025-03-01,2025-03-15,2,qc,pct wk covid lab det,quantile,0.5,2.8
2025-03-01,2025-03-15,2,qc,pct wk covid lab det,quantile,0.75,3.3
2025-03-01,2025-03-15,2,qc,pct wk covid lab det,quantile,0.9,3.9
2025-03-01,2025-03-15,2,qc,pct wk covid lab det,quantile,0.975,4.6
2025-03-01,2025-03-22,3,qc,pct wk covid lab det,quantile,0.025,1.1
2025-03-01,2025-03-22,3,qc,pct wk covid lab det,quantile,0.1,1.5
2025-03-01,2025-03-22,3,qc,pct wk covid lab det,quantile,0.25,2
2025-03-01,2025-03-22,3,qc,pct wk covid lab det,quantile,0.5,2.5
2025-03-01,2025-03-22,3,qc,pct wk covid lab det,quantile,0.75,3
2025-03-01,2025-03-22,3,qc,pct wk covid lab det,quantile,0.9,3.6
2025-03-01,2025-03-22,3,qc,pct wk covid lab det,quantile,0.975,4.3
2025-03-01,2025-02-22,-1,atlantic,pct wk covid lab det,quantile,0.025,1.6
2025-03-01,2025-02-22,-1,atlantic,pct wk covid lab det,quantile,0.1,2.5
2025-03-01,2025-02-22,-1,atlantic,pct wk covid lab det,quantile,0.25,3.3
2025-03-01,2025-02-22,-1,atlantic,pct wk covid lab det,quantile,0.5,4.2
2025-03-01,2025-02-22,-1,atlantic,pct wk covid lab det,quantile,0.75,5.1
2025-03-01,2025-02-22,-1,atlantic,pct wk covid lab det,quantile,0.9,5.8
2025-03-01,2025-02-22,-1,atlantic,pct wk covid lab det,quantile,0.975,6.7
2025-03-01,2025-03-01,0,atlantic,pct wk covid lab det,quantile,0.025,1.8
2025-03-01,2025-03-01,0,atlantic,pct wk covid lab det,quantile,0.1,2.3
2025-03-01,2025-03-01,0,atlantic,pct wk covid lab det,quantile,0.25,2.8
2025-03-01,2025-03-01,0,atlantic,pct wk covid lab det,quantile,0.5,3.3
2025-03-01,2025-03-01,0,atlantic,pct wk covid lab det,quantile,0.75,3.8
2025-03-01,2025-03-01,0,atlantic,pct wk covid lab det,quantile,0.9,4.3
2025-03-01,2025-03-01,0,atlantic,pct wk covid lab det,quantile,0.975,4.9
2025-03-01,2025-03-08,1,atlantic,pct wk covid lab det,quantile,0.025,1.6
2025-03-01,2025-03-08,1,atlantic,pct wk covid lab det,quantile,0.1,2.1
2025-03-01,2025-03-08,1,atlantic,pct wk covid lab det,quantile,0.25,2.5
2025-03-01,2025-03-08,1,atlantic,pct wk covid lab det,quantile,0.5,3
2025-03-01,2025-03-08,1,atlantic,pct wk covid lab det,quantile,0.75,3.5
2025-03-01,2025-03-08,1,atlantic,pct wk covid lab det,quantile,0.9,4
2025-03-01,2025-03-08,1,atlantic,pct wk covid lab det,quantile,0.975,4.5
2025-03-01,2025-03-15,2,atlantic,pct wk covid lab det,quantile,0.025,1.3
2025-03-01,2025-03-15,2,atlantic,pct wk covid lab det,quantile,0.1,1.8
2025-03-01,2025-03-15,2,atlantic,pct wk covid lab det,quantile,0.25,2.2
2025-03-01,2025-03-15,2,atlantic,pct wk covid lab det,quantile,0.5,2.7
2025-03-01,2025-03-15,2,atlantic,pct wk covid lab det,quantile,0.75,3.2
2025-03-01,2025-03-15,2,atlantic,pct wk covid lab det,quantile,0.9,3.6
2025-03-01,2025-03-15,2,atlantic,pct wk covid lab det,quantile,0.975,4.3
2025-03-01,2025-03-22,3,atlantic,pct wk covid lab det,quantile,0.025,1.1
2025-03-01,2025-03-22,3,atlantic,pct wk covid lab det,quantile,0.1,1.6
2025-03-01,2025-03-22,3,atlantic,pct wk covid lab det,quantile,0.25,1.9
2025-03-01,2025-03-22,3,atlantic,pct wk covid lab det,quantile,0.5,2.4
2025-03-01,2025-03-22,3,atlantic,pct wk covid lab det,quantile,0.75,2.8
2025-03-01,2025-03-22,3,atlantic,pct wk covid lab det,quantile,0.9,3.3
2025-03-01,2025-03-22,3,atlantic,pct wk covid lab det,quantile,0.975,3.9
2025-03-01,2025-02-22,-1,nb,pct wk covid lab det,quantile,0.025,0.9
2025-03-01,2025-02-22,-1,nb,pct wk covid lab det,quantile,0.1,1.8
2025-03-01,2025-02-22,-1,nb,pct wk covid lab det,quantile,0.25,2.6
2025-03-01,2025-02-22,-1,nb,pct wk covid lab det,quantile,0.5,3.6
2025-03-01,2025-02-22,-1,nb,pct wk covid lab det,quantile,0.75,4.5
2025-03-01,2025-02-22,-1,nb,pct wk covid lab det,quantile,0.9,5.3
2025-03-01,2025-02-22,-1,nb,pct wk covid lab det,quantile,0.975,6.1
2025-03-01,2025-03-01,0,nb,pct wk covid lab det,quantile,0.025,0.5
2025-03-01,2025-03-01,0,nb,pct wk covid lab det,quantile,0.1,1.1
2025-03-01,2025-03-01,0,nb,pct wk covid lab det,quantile,0.25,1.6
2025-03-01,2025-03-01,0,nb,pct wk covid lab det,quantile,0.5,2.1
2025-03-01,2025-03-01,0,nb,pct wk covid lab det,quantile,0.75,2.6
2025-03-01,2025-03-01,0,nb,pct wk covid lab det,quantile,0.9,3.1
2025-03-01,2025-03-01,0,nb,pct wk covid lab det,quantile,0.975,3.7
2025-03-01,2025-03-08,1,nb,pct wk covid lab det,quantile,0.025,0.5
2025-03-01,2025-03-08,1,nb,pct wk covid lab det,quantile,0.1,1
2025-03-01,2025-03-08,1,nb,pct wk covid lab det,quantile,0.25,1.4
2025-03-01,2025-03-08,1,nb,pct wk covid lab det,quantile,0.5,1.9
2025-03-01,2025-03-08,1,nb,pct wk covid lab det,quantile,0.75,2.4
2025-03-01,2025-03-08,1,nb,pct wk covid lab det,quantile,0.9,2.9
2025-03-01,2025-03-08,1,nb,pct wk covid lab det,quantile,0.975,3.5
2025-03-01,2025-03-15,2,nb,pct wk covid lab det,quantile,0.025,0.4
2025-03-01,2025-03-15,2,nb,pct wk covid lab det,quantile,0.1,0.9
2025-03-01,2025-03-15,2,nb,pct wk covid lab det,quantile,0.25,1.3
2025-03-01,2025-03-15,2,nb,pct wk covid lab det,quantile,0.5,1.8
2025-03-01,2025-03-15,2,nb,pct wk covid lab det,quantile,0.75,2.3
2025-03-01,2025-03-15,2,nb,pct wk covid lab det,quantile,0.9,2.8
2025-03-01,2025-03-15,2,nb,pct wk covid lab det,quantile,0.975,3.4
2025-03-01,2025-03-22,3,nb,pct wk covid lab det,quantile,0.025,0.5
2025-03-01,2025-03-22,3,nb,pct wk covid lab det,quantile,0.1,1
2025-03-01,2025-03-22,3,nb,pct wk covid lab det,quantile,0.25,1.3
2025-03-01,2025-03-22,3,nb,pct wk covid lab det,quantile,0.5,1.7
2025-03-01,2025-03-22,3,nb,pct wk covid lab det,quantile,0.75,2.2
2025-03-01,2025-03-22,3,nb,pct wk covid lab det,quantile,0.9,2.6
2025-03-01,2025-03-22,3,nb,pct wk covid lab det,quantile,0.975,3.1
2025-03-01,2025-02-22,-1,ns,pct wk covid lab det,quantile,0.025,0.9
2025-03-01,2025-02-22,-1,ns,pct wk covid lab det,quantile,0.1,2.1
2025-03-01,2025-02-22,-1,ns,pct wk covid lab det,quantile,0.25,3.3
2025-03-01,2025-02-22,-1,ns,pct wk covid lab det,quantile,0.5,4.6
2025-03-01,2025-02-22,-1,ns,pct wk covid lab det,quantile,0.75,5.8
2025-03-01,2025-02-22,-1,ns,pct wk covid lab det,quantile,0.9,7
2025-03-01,2025-02-22,-1,ns,pct wk covid lab det,quantile,0.975,8.2
2025-03-01,2025-03-01,0,ns,pct wk covid lab det,quantile,0.025,1.8
2025-03-01,2025-03-01,0,ns,pct wk covid lab det,quantile,0.1,2.6
2025-03-01,2025-03-01,0,ns,pct wk covid lab det,quantile,0.25,3.3
2025-03-01,2025-03-01,0,ns,pct wk covid lab det,quantile,0.5,4
2025-03-01,2025-03-01,0,ns,pct wk covid lab det,quantile,0.75,4.7
2025-03-01,2025-03-01,0,ns,pct wk covid lab det,quantile,0.9,5.5
2025-03-01,2025-03-01,0,ns,pct wk covid lab det,quantile,0.975,6.4
2025-03-01,2025-03-08,1,ns,pct wk covid lab det,quantile,0.025,1.4
2025-03-01,2025-03-08,1,ns,pct wk covid lab det,quantile,0.1,2.1
2025-03-01,2025-03-08,1,ns,pct wk covid lab det,quantile,0.25,2.8
2025-03-01,2025-03-08,1,ns,pct wk covid lab det,quantile,0.5,3.5
2025-03-01,2025-03-08,1,ns,pct wk covid lab det,quantile,0.75,4.2
2025-03-01,2025-03-08,1,ns,pct wk covid lab det,quantile,0.9,4.9
2025-03-01,2025-03-08,1,ns,pct wk covid lab det,quantile,0.975,5.8
2025-03-01,2025-03-15,2,ns,pct wk covid lab det,quantile,0.025,1.2
2025-03-01,2025-03-15,2,ns,pct wk covid lab det,quantile,0.1,1.8
2025-03-01,2025-03-15,2,ns,pct wk covid lab det,quantile,0.25,2.4
2025-03-01,2025-03-15,2,ns,pct wk covid lab det,quantile,0.5,3.1
2025-03-01,2025-03-15,2,ns,pct wk covid lab det,quantile,0.75,3.8
2025-03-01,2025-03-15,2,ns,pct wk covid lab det,quantile,0.9,4.5
2025-03-01,2025-03-15,2,ns,pct wk covid lab det,quantile,0.975,5.3
2025-03-01,2025-03-22,3,ns,pct wk covid lab det,quantile,0.025,0.9
2025-03-01,2025-03-22,3,ns,pct wk covid lab det,quantile,0.1,1.5
2025-03-01,2025-03-22,3,ns,pct wk covid lab det,quantile,0.25,2.1
2025-03-01,2025-03-22,3,ns,pct wk covid lab det,quantile,0.5,2.7
2025-03-01,2025-03-22,3,ns,pct wk covid lab det,quantile,0.75,3.4
2025-03-01,2025-03-22,3,ns,pct wk covid lab det,quantile,0.9,4
2025-03-01,2025-03-22,3,ns,pct wk covid lab det,quantile,0.975,5
2025-03-01,2025-02-22,-1,pe,pct wk covid lab det,quantile,0.025,0
2025-03-01,2025-02-22,-1,pe,pct wk covid lab det,quantile,0.1,0
2025-03-01,2025-02-22,-1,pe,pct wk covid lab det,quantile,0.25,0
2025-03-01,2025-02-22,-1,pe,pct wk covid lab det,quantile,0.5,2.4
2025-03-01,2025-02-22,-1,pe,pct wk covid lab det,quantile,0.75,5.3
2025-03-01,2025-02-22,-1,pe,pct wk covid lab det,quantile,0.9,7.9
2025-03-01,2025-02-22,-1,pe,pct wk covid lab det,quantile,0.975,10.8
2025-03-01,2025-03-01,0,pe,pct wk covid lab det,quantile,0.025,0
2025-03-01,2025-03-01,0,pe,pct wk covid lab det,quantile,0.1,0.4
2025-03-01,2025-03-01,0,pe,pct wk covid lab det,quantile,0.25,1.9
2025-03-01,2025-03-01,0,pe,pct wk covid lab det,quantile,0.5,3.5
2025-03-01,2025-03-01,0,pe,pct wk covid lab det,quantile,0.75,5.1
2025-03-01,2025-03-01,0,pe,pct wk covid lab det,quantile,0.9,6.8
2025-03-01,2025-03-01,0,pe,pct wk covid lab det,quantile,0.975,9.1
2025-03-01,2025-03-08,1,pe,pct wk covid lab det,quantile,0.025,0
2025-03-01,2025-03-08,1,pe,pct wk covid lab det,quantile,0.1,0.3
2025-03-01,2025-03-08,1,pe,pct wk covid lab det,quantile,0.25,1.7
2025-03-01,2025-03-08,1,pe,pct wk covid lab det,quantile,0.5,3.3
2025-03-01,2025-03-08,1,pe,pct wk covid lab det,quantile,0.75,4.8
2025-03-01,2025-03-08,1,pe,pct wk covid lab det,quantile,0.9,6.5
2025-03-01,2025-03-08,1,pe,pct wk covid lab det,quantile,0.975,8.7
2025-03-01,2025-03-15,2,pe,pct wk covid lab det,quantile,0.025,0
2025-03-01,2025-03-15,2,pe,pct wk covid lab det,quantile,0.1,0.3
2025-03-01,2025-03-15,2,pe,pct wk covid lab det,quantile,0.25,1.6
2025-03-01,2025-03-15,2,pe,pct wk covid lab det,quantile,0.5,3
2025-03-01,2025-03-15,2,pe,pct wk covid lab det,quantile,0.75,4.5
2025-03-01,2025-03-15,2,pe,pct wk covid lab det,quantile,0.9,6.1
2025-03-01,2025-03-15,2,pe,pct wk covid lab det,quantile,0.975,8.2
2025-03-01,2025-03-22,3,pe,pct wk covid lab det,quantile,0.025,0
2025-03-01,2025-03-22,3,pe,pct wk covid lab det,quantile,0.1,0
2025-03-01,2025-03-22,3,pe,pct wk covid lab det,quantile,0.25,0.8
2025-03-01,2025-03-22,3,pe,pct wk covid lab det,quantile,0.5,2.1
2025-03-01,2025-03-22,3,pe,pct wk covid lab det,quantile,0.75,3.4
2025-03-01,2025-03-22,3,pe,pct wk covid lab det,quantile,0.9,4.8
2025-03-01,2025-03-22,3,pe,pct wk covid lab det,quantile,0.975,6.7
2025-03-01,2025-02-22,-1,nl,pct wk covid lab det,quantile,0.025,1.2
2025-03-01,2025-02-22,-1,nl,pct wk covid lab det,quantile,0.1,2.8
2025-03-01,2025-02-22,-1,nl,pct wk covid lab det,quantile,0.25,4.1
2025-03-01,2025-02-22,-1,nl,pct wk covid lab det,quantile,0.5,5.6
2025-03-01,2025-02-22,-1,nl,pct wk covid lab det,quantile,0.75,7
2025-03-01,2025-02-22,-1,nl,pct wk covid lab det,quantile,0.9,8.4
2025-03-01,2025-02-22,-1,nl,pct wk covid lab det,quantile,0.975,10
2025-03-01,2025-03-01,0,nl,pct wk covid lab det,quantile,0.025,2
2025-03-01,2025-03-01,0,nl,pct wk covid lab det,quantile,0.1,3.2
2025-03-01,2025-03-01,0,nl,pct wk covid lab det,quantile,0.25,4
2025-03-01,2025-03-01,0,nl,pct wk covid lab det,quantile,0.5,4.9
2025-03-01,2025-03-01,0,nl,pct wk covid lab det,quantile,0.75,5.9
2025-03-01,2025-03-01,0,nl,pct wk covid lab det,quantile,0.9,6.9
2025-03-01,2025-03-01,0,nl,pct wk covid lab det,quantile,0.975,8.1
2025-03-01,2025-03-08,1,nl,pct wk covid lab det,quantile,0.025,2.1
2025-03-01,2025-03-08,1,nl,pct wk covid lab det,quantile,0.1,3
2025-03-01,2025-03-08,1,nl,pct wk covid lab det,quantile,0.25,3.8
2025-03-01,2025-03-08,1,nl,pct wk covid lab det,quantile,0.5,4.6
2025-03-01,2025-03-08,1,nl,pct wk covid lab det,quantile,0.75,5.6
2025-03-01,2025-03-08,1,nl,pct wk covid lab det,quantile,0.9,6.4
2025-03-01,2025-03-08,1,nl,pct wk covid lab det,quantile,0.975,7.6
2025-03-01,2025-03-15,2,nl,pct wk covid lab det,quantile,0.025,1.8
2025-03-01,2025-03-15,2,nl,pct wk covid lab det,quantile,0.1,2.7
2025-03-01,2025-03-15,2,nl,pct wk covid lab det,quantile,0.25,3.4
2025-03-01,2025-03-15,2,nl,pct wk covid lab det,quantile,0.5,4.2
2025-03-01,2025-03-15,2,nl,pct wk covid lab det,quantile,0.75,5
2025-03-01,2025-03-15,2,nl,pct wk covid lab det,quantile,0.9,5.9
2025-03-01,2025-03-15,2,nl,pct wk covid lab det,quantile,0.975,7
2025-03-01,2025-03-22,3,nl,pct wk covid lab det,quantile,0.025,1.4
2025-03-01,2025-03-22,3,nl,pct wk covid lab det,quantile,0.1,2.1
2025-03-01,2025-03-22,3,nl,pct wk covid lab det,quantile,0.25,2.7
2025-03-01,2025-03-22,3,nl,pct wk covid lab det,quantile,0.5,3.5
2025-03-01,2025-03-22,3,nl,pct wk covid lab det,quantile,0.75,4.3
2025-03-01,2025-03-22,3,nl,pct wk covid lab det,quantile,0.9,5.2
2025-03-01,2025-03-22,3,nl,pct wk covid lab det,quantile,0.975,6.3
2025-03-01,2025-02-22,-1,yk,pct wk rsv lab det,quantile,0.025,0
2025-03-01,2025-02-22,-1,yk,pct wk rsv lab det,quantile,0.1,0
2025-03-01,2025-02-22,-1,yk,pct wk rsv lab det,quantile,0.25,1.9
2025-03-01,2025-02-22,-1,yk,pct wk rsv lab det,quantile,0.5,4.4
2025-03-01,2025-02-22,-1,yk,pct wk rsv lab det,quantile,0.75,6.7
2025-03-01,2025-02-22,-1,yk,pct wk rsv lab det,quantile,0.9,8.9
2025-03-01,2025-02-22,-1,yk,pct wk rsv lab det,quantile,0.975,11.2
2025-03-01,2025-03-01,0,yk,pct wk rsv lab det,quantile,0.025,0
2025-03-01,2025-03-01,0,yk,pct wk rsv lab det,quantile,0.1,0
2025-03-01,2025-03-01,0,yk,pct wk rsv lab det,quantile,0.25,1.6
2025-03-01,2025-03-01,0,yk,pct wk rsv lab det,quantile,0.5,3.5
2025-03-01,2025-03-01,0,yk,pct wk rsv lab det,quantile,0.75,5.4
2025-03-01,2025-03-01,0,yk,pct wk rsv lab det,quantile,0.9,7.5
2025-03-01,2025-03-01,0,yk,pct wk rsv lab det,quantile,0.975,9.6
2025-03-01,2025-03-08,1,yk,pct wk rsv lab det,quantile,0.025,0
2025-03-01,2025-03-08,1,yk,pct wk rsv lab det,quantile,0.1,0
2025-03-01,2025-03-08,1,yk,pct wk rsv lab det,quantile,0.25,1.4
2025-03-01,2025-03-08,1,yk,pct wk rsv lab det,quantile,0.5,3.2
2025-03-01,2025-03-08,1,yk,pct wk rsv lab det,quantile,0.75,4.9
2025-03-01,2025-03-08,1,yk,pct wk rsv lab det,quantile,0.9,6.5
2025-03-01,2025-03-08,1,yk,pct wk rsv lab det,quantile,0.975,8.8
2025-03-01,2025-03-15,2,yk,pct wk rsv lab det,quantile,0.025,0
2025-03-01,2025-03-15,2,yk,pct wk rsv lab det,quantile,0.1,0
2025-03-01,2025-03-15,2,yk,pct wk rsv lab det,quantile,0.25,1.2
2025-03-01,2025-03-15,2,yk,pct wk rsv lab det,quantile,0.5,2.7
2025-03-01,2025-03-15,2,yk,pct wk rsv lab det,quantile,0.75,4.1
2025-03-01,2025-03-15,2,yk,pct wk rsv lab det,quantile,0.9,5.7
2025-03-01,2025-03-15,2,yk,pct wk rsv lab det,quantile,0.975,8
2025-03-01,2025-03-22,3,yk,pct wk rsv lab det,quantile,0.025,0
2025-03-01,2025-03-22,3,yk,pct wk rsv lab det,quantile,0.1,0
2025-03-01,2025-03-22,3,yk,pct wk rsv lab det,quantile,0.25,0.8
2025-03-01,2025-03-22,3,yk,pct wk rsv lab det,quantile,0.5,2.2
2025-03-01,2025-03-22,3,yk,pct wk rsv lab det,quantile,0.75,3.6
2025-03-01,2025-03-22,3,yk,pct wk rsv lab det,quantile,0.9,5
2025-03-01,2025-03-22,3,yk,pct wk rsv lab det,quantile,0.975,7.1
2025-03-01,2025-02-22,-1,ca,pct wk rsv lab det,quantile,0.025,2.1
2025-03-01,2025-02-22,-1,ca,pct wk rsv lab det,quantile,0.1,2.9
2025-03-01,2025-02-22,-1,ca,pct wk rsv lab det,quantile,0.25,3.7
2025-03-01,2025-02-22,-1,ca,pct wk rsv lab det,quantile,0.5,4.5
2025-03-01,2025-02-22,-1,ca,pct wk rsv lab det,quantile,0.75,5.3
2025-03-01,2025-02-22,-1,ca,pct wk rsv lab det,quantile,0.9,6.1
2025-03-01,2025-02-22,-1,ca,pct wk rsv lab det,quantile,0.975,6.9
2025-03-01,2025-03-01,0,ca,pct wk rsv lab det,quantile,0.025,1.2
2025-03-01,2025-03-01,0,ca,pct wk rsv lab det,quantile,0.1,2.3
2025-03-01,2025-03-01,0,ca,pct wk rsv lab det,quantile,0.25,3
2025-03-01,2025-03-01,0,ca,pct wk rsv lab det,quantile,0.5,3.8
2025-03-01,2025-03-01,0,ca,pct wk rsv lab det,quantile,0.75,4.6
2025-03-01,2025-03-01,0,ca,pct wk rsv lab det,quantile,0.9,5.3
2025-03-01,2025-03-01,0,ca,pct wk rsv lab det,quantile,0.975,6.1
2025-03-01,2025-03-08,1,ca,pct wk rsv lab det,quantile,0.025,0.6
2025-03-01,2025-03-08,1,ca,pct wk rsv lab det,quantile,0.1,1.7
2025-03-01,2025-03-08,1,ca,pct wk rsv lab det,quantile,0.25,2.5
2025-03-01,2025-03-08,1,ca,pct wk rsv lab det,quantile,0.5,3.3
2025-03-01,2025-03-08,1,ca,pct wk rsv lab det,quantile,0.75,4.1
2025-03-01,2025-03-08,1,ca,pct wk rsv lab det,quantile,0.9,4.8
2025-03-01,2025-03-08,1,ca,pct wk rsv lab det,quantile,0.975,5.5
2025-03-01,2025-03-15,2,ca,pct wk rsv lab det,quantile,0.025,0
2025-03-01,2025-03-15,2,ca,pct wk rsv lab det,quantile,0.1,1.1
2025-03-01,2025-03-15,2,ca,pct wk rsv lab det,quantile,0.25,2
2025-03-01,2025-03-15,2,ca,pct wk rsv lab det,quantile,0.5,2.8
2025-03-01,2025-03-15,2,ca,pct wk rsv lab det,quantile,0.75,3.5
2025-03-01,2025-03-15,2,ca,pct wk rsv lab det,quantile,0.9,4.1
2025-03-01,2025-03-15,2,ca,pct wk rsv lab det,quantile,0.975,4.9
2025-03-01,2025-03-22,3,ca,pct wk rsv lab det,quantile,0.025,0
2025-03-01,2025-03-22,3,ca,pct wk rsv lab det,quantile,0.1,0.6
2025-03-01,2025-03-22,3,ca,pct wk rsv lab det,quantile,0.25,1.5
2025-03-01,2025-03-22,3,ca,pct wk rsv lab det,quantile,0.5,2.4
2025-03-01,2025-03-22,3,ca,pct wk rsv lab det,quantile,0.75,3.1
2025-03-01,2025-03-22,3,ca,pct wk rsv lab det,quantile,0.9,3.7
2025-03-01,2025-03-22,3,ca,pct wk rsv lab det,quantile,0.975,4.5
2025-03-01,2025-02-22,-1,territories,pct wk rsv lab det,quantile,0.025,5.1
2025-03-01,2025-02-22,-1,territories,pct wk rsv lab det,quantile,0.1,6.5
2025-03-01,2025-02-22,-1,territories,pct wk rsv lab det,quantile,0.25,8
2025-03-01,2025-02-22,-1,territories,pct wk rsv lab det,quantile,0.5,9.5
2025-03-01,2025-02-22,-1,territories,pct wk rsv lab det,quantile,0.75,11
2025-03-01,2025-02-22,-1,territories,pct wk rsv lab det,quantile,0.9,12.6
2025-03-01,2025-02-22,-1,territories,pct wk rsv lab det,quantile,0.975,14.1
2025-03-01,2025-03-01,0,territories,pct wk rsv lab det,quantile,0.025,3.2
2025-03-01,2025-03-01,0,territories,pct wk rsv lab det,quantile,0.1,4.7
2025-03-01,2025-03-01,0,territories,pct wk rsv lab det,quantile,0.25,6
2025-03-01,2025-03-01,0,territories,pct wk rsv lab det,quantile,0.5,7.4
2025-03-01,2025-03-01,0,territories,pct wk rsv lab det,quantile,0.75,8.8
2025-03-01,2025-03-01,0,territories,pct wk rsv lab det,quantile,0.9,10.2
2025-03-01,2025-03-01,0,territories,pct wk rsv lab det,quantile,0.975,12
2025-03-01,2025-03-08,1,territories,pct wk rsv lab det,quantile,0.025,2.8
2025-03-01,2025-03-08,1,territories,pct wk rsv lab det,quantile,0.1,4.2
2025-03-01,2025-03-08,1,territories,pct wk rsv lab det,quantile,0.25,5.3
2025-03-01,2025-03-08,1,territories,pct wk rsv lab det,quantile,0.5,6.5
2025-03-01,2025-03-08,1,territories,pct wk rsv lab det,quantile,0.75,7.9
2025-03-01,2025-03-08,1,territories,pct wk rsv lab det,quantile,0.9,9.3
2025-03-01,2025-03-08,1,territories,pct wk rsv lab det,quantile,0.975,11.4
2025-03-01,2025-03-15,2,territories,pct wk rsv lab det,quantile,0.025,1.9
2025-03-01,2025-03-15,2,territories,pct wk rsv lab det,quantile,0.1,3.3
2025-03-01,2025-03-15,2,territories,pct wk rsv lab det,quantile,0.25,4.4
2025-03-01,2025-03-15,2,territories,pct wk rsv lab det,quantile,0.5,5.7
2025-03-01,2025-03-15,2,territories,pct wk rsv lab det,quantile,0.75,6.9
2025-03-01,2025-03-15,2,territories,pct wk rsv lab det,quantile,0.9,8.3
2025-03-01,2025-03-15,2,territories,pct wk rsv lab det,quantile,0.975,10.2
2025-03-01,2025-03-22,3,territories,pct wk rsv lab det,quantile,0.025,1.2
2025-03-01,2025-03-22,3,territories,pct wk rsv lab det,quantile,0.1,2.8
2025-03-01,2025-03-22,3,territories,pct wk rsv lab det,quantile,0.25,3.9
2025-03-01,2025-03-22,3,territories,pct wk rsv lab det,quantile,0.5,5.1
2025-03-01,2025-03-22,3,territories,pct wk rsv lab det,quantile,0.75,6.4
2025-03-01,2025-03-22,3,territories,pct wk rsv lab det,quantile,0.9,7.5
2025-03-01,2025-03-22,3,territories,pct wk rsv lab det,quantile,0.975,9.6
2025-03-01,2025-02-22,-1,nu,pct wk rsv lab det,quantile,0.025,8.8
2025-03-01,2025-02-22,-1,nu,pct wk rsv lab det,quantile,0.1,10.7
2025-03-01,2025-02-22,-1,nu,pct wk rsv lab det,quantile,0.25,12.2
2025-03-01,2025-02-22,-1,nu,pct wk rsv lab det,quantile,0.5,13.9
2025-03-01,2025-02-22,-1,nu,pct wk rsv lab det,quantile,0.75,15.6
2025-03-01,2025-02-22,-1,nu,pct wk rsv lab det,quantile,0.9,17.2
2025-03-01,2025-02-22,-1,nu,pct wk rsv lab det,quantile,0.975,18.8
2025-03-01,2025-03-01,0,nu,pct wk rsv lab det,quantile,0.025,4.8
2025-03-01,2025-03-01,0,nu,pct wk rsv lab det,quantile,0.1,7.2
2025-03-01,2025-03-01,0,nu,pct wk rsv lab det,quantile,0.25,9
2025-03-01,2025-03-01,0,nu,pct wk rsv lab det,quantile,0.5,11
2025-03-01,2025-03-01,0,nu,pct wk rsv lab det,quantile,0.75,13
2025-03-01,2025-03-01,0,nu,pct wk rsv lab det,quantile,0.9,15
2025-03-01,2025-03-01,0,nu,pct wk rsv lab det,quantile,0.975,17.4
2025-03-01,2025-03-08,1,nu,pct wk rsv lab det,quantile,0.025,4.2
2025-03-01,2025-03-08,1,nu,pct wk rsv lab det,quantile,0.1,6.4
2025-03-01,2025-03-08,1,nu,pct wk rsv lab det,quantile,0.25,8
2025-03-01,2025-03-08,1,nu,pct wk rsv lab det,quantile,0.5,9.8
2025-03-01,2025-03-08,1,nu,pct wk rsv lab det,quantile,0.75,11.8
2025-03-01,2025-03-08,1,nu,pct wk rsv lab det,quantile,0.9,13.9
2025-03-01,2025-03-08,1,nu,pct wk rsv lab det,quantile,0.975,16.5
2025-03-01,2025-03-15,2,nu,pct wk rsv lab det,quantile,0.025,3.3
2025-03-01,2025-03-15,2,nu,pct wk rsv lab det,quantile,0.1,5.3
2025-03-01,2025-03-15,2,nu,pct wk rsv lab det,quantile,0.25,6.9
2025-03-01,2025-03-15,2,nu,pct wk rsv lab det,quantile,0.5,8.5
2025-03-01,2025-03-15,2,nu,pct wk rsv lab det,quantile,0.75,10.4
2025-03-01,2025-03-15,2,nu,pct wk rsv lab det,quantile,0.9,12.5
2025-03-01,2025-03-15,2,nu,pct wk rsv lab det,quantile,0.975,15.3
2025-03-01,2025-03-22,3,nu,pct wk rsv lab det,quantile,0.025,3.4
2025-03-01,2025-03-22,3,nu,pct wk rsv lab det,quantile,0.1,5
2025-03-01,2025-03-22,3,nu,pct wk rsv lab det,quantile,0.25,6.3
2025-03-01,2025-03-22,3,nu,pct wk rsv lab det,quantile,0.5,7.8
2025-03-01,2025-03-22,3,nu,pct wk rsv lab det,quantile,0.75,9.5
2025-03-01,2025-03-22,3,nu,pct wk rsv lab det,quantile,0.9,11.3
2025-03-01,2025-03-22,3,nu,pct wk rsv lab det,quantile,0.975,14.3
2025-03-01,2025-02-22,-1,nt,pct wk rsv lab det,quantile,0.025,0
2025-03-01,2025-02-22,-1,nt,pct wk rsv lab det,quantile,0.1,0
2025-03-01,2025-02-22,-1,nt,pct wk rsv lab det,quantile,0.25,0
2025-03-01,2025-02-22,-1,nt,pct wk rsv lab det,quantile,0.5,4.5
2025-03-01,2025-02-22,-1,nt,pct wk rsv lab det,quantile,0.75,13.2
2025-03-01,2025-02-22,-1,nt,pct wk rsv lab det,quantile,0.9,21.4
2025-03-01,2025-02-22,-1,nt,pct wk rsv lab det,quantile,0.975,30.3
2025-03-01,2025-03-01,0,nt,pct wk rsv lab det,quantile,0.025,0
2025-03-01,2025-03-01,0,nt,pct wk rsv lab det,quantile,0.1,0
2025-03-01,2025-03-01,0,nt,pct wk rsv lab det,quantile,0.25,0
2025-03-01,2025-03-01,0,nt,pct wk rsv lab det,quantile,0.5,2.8
2025-03-01,2025-03-01,0,nt,pct wk rsv lab det,quantile,0.75,10.5
2025-03-01,2025-03-01,0,nt,pct wk rsv lab det,quantile,0.9,17.6
2025-03-01,2025-03-01,0,nt,pct wk rsv lab det,quantile,0.975,27.9
2025-03-01,2025-03-08,1,nt,pct wk rsv lab det,quantile,0.025,0
2025-03-01,2025-03-08,1,nt,pct wk rsv lab det,quantile,0.1,0
2025-03-01,2025-03-08,1,nt,pct wk rsv lab det,quantile,0.25,0
2025-03-01,2025-03-08,1,nt,pct wk rsv lab det,quantile,0.5,3.2
2025-03-01,2025-03-08,1,nt,pct wk rsv lab det,quantile,0.75,9.7
2025-03-01,2025-03-08,1,nt,pct wk rsv lab det,quantile,0.9,16.5
2025-03-01,2025-03-08,1,nt,pct wk rsv lab det,quantile,0.975,28.2
2025-03-01,2025-03-15,2,nt,pct wk rsv lab det,quantile,0.025,0
2025-03-01,2025-03-15,2,nt,pct wk rsv lab det,quantile,0.1,0
2025-03-01,2025-03-15,2,nt,pct wk rsv lab det,quantile,0.25,0
2025-03-01,2025-03-15,2,nt,pct wk rsv lab det,quantile,0.5,2
2025-03-01,2025-03-15,2,nt,pct wk rsv lab det,quantile,0.75,7.3
2025-03-01,2025-03-15,2,nt,pct wk rsv lab det,quantile,0.9,13.2
2025-03-01,2025-03-15,2,nt,pct wk rsv lab det,quantile,0.975,23.2
2025-03-01,2025-03-22,3,nt,pct wk rsv lab det,quantile,0.025,0
2025-03-01,2025-03-22,3,nt,pct wk rsv lab det,quantile,0.1,0
2025-03-01,2025-03-22,3,nt,pct wk rsv lab det,quantile,0.25,0
2025-03-01,2025-03-22,3,nt,pct wk rsv lab det,quantile,0.5,1.9
2025-03-01,2025-03-22,3,nt,pct wk rsv lab det,quantile,0.75,7.1
2025-03-01,2025-03-22,3,nt,pct wk rsv lab det,quantile,0.9,13.1
2025-03-01,2025-03-22,3,nt,pct wk rsv lab det,quantile,0.975,24.9
2025-03-01,2025-02-22,-1,bc,pct wk rsv lab det,quantile,0.025,2.7
2025-03-01,2025-02-22,-1,bc,pct wk rsv lab det,quantile,0.1,3.9
2025-03-01,2025-02-22,-1,bc,pct wk rsv lab det,quantile,0.25,4.9
2025-03-01,2025-02-22,-1,bc,pct wk rsv lab det,quantile,0.5,6.1
2025-03-01,2025-02-22,-1,bc,pct wk rsv lab det,quantile,0.75,7.3
2025-03-01,2025-02-22,-1,bc,pct wk rsv lab det,quantile,0.9,8.3
2025-03-01,2025-02-22,-1,bc,pct wk rsv lab det,quantile,0.975,9.5
2025-03-01,2025-03-01,0,bc,pct wk rsv lab det,quantile,0.025,1.7
2025-03-01,2025-03-01,0,bc,pct wk rsv lab det,quantile,0.1,3
2025-03-01,2025-03-01,0,bc,pct wk rsv lab det,quantile,0.25,4
2025-03-01,2025-03-01,0,bc,pct wk rsv lab det,quantile,0.5,5
2025-03-01,2025-03-01,0,bc,pct wk rsv lab det,quantile,0.75,6
2025-03-01,2025-03-01,0,bc,pct wk rsv lab det,quantile,0.9,7
2025-03-01,2025-03-01,0,bc,pct wk rsv lab det,quantile,0.975,8.2
2025-03-01,2025-03-08,1,bc,pct wk rsv lab det,quantile,0.025,1
2025-03-01,2025-03-08,1,bc,pct wk rsv lab det,quantile,0.1,2.3
2025-03-01,2025-03-08,1,bc,pct wk rsv lab det,quantile,0.25,3.4
2025-03-01,2025-03-08,1,bc,pct wk rsv lab det,quantile,0.5,4.4
2025-03-01,2025-03-08,1,bc,pct wk rsv lab det,quantile,0.75,5.3
2025-03-01,2025-03-08,1,bc,pct wk rsv lab det,quantile,0.9,6.3
2025-03-01,2025-03-08,1,bc,pct wk rsv lab det,quantile,0.975,7.4
2025-03-01,2025-03-15,2,bc,pct wk rsv lab det,quantile,0.025,0.2
2025-03-01,2025-03-15,2,bc,pct wk rsv lab det,quantile,0.1,1.7
2025-03-01,2025-03-15,2,bc,pct wk rsv lab det,quantile,0.25,2.8
2025-03-01,2025-03-15,2,bc,pct wk rsv lab det,quantile,0.5,3.8
2025-03-01,2025-03-15,2,bc,pct wk rsv lab det,quantile,0.75,4.7
2025-03-01,2025-03-15,2,bc,pct wk rsv lab det,quantile,0.9,5.5
2025-03-01,2025-03-15,2,bc,pct wk rsv lab det,quantile,0.975,6.6
2025-03-01,2025-03-22,3,bc,pct wk rsv lab det,quantile,0.025,0
2025-03-01,2025-03-22,3,bc,pct wk rsv lab det,quantile,0.1,1
2025-03-01,2025-03-22,3,bc,pct wk rsv lab det,quantile,0.25,2.2
2025-03-01,2025-03-22,3,bc,pct wk rsv lab det,quantile,0.5,3.2
2025-03-01,2025-03-22,3,bc,pct wk rsv lab det,quantile,0.75,4.2
2025-03-01,2025-03-22,3,bc,pct wk rsv lab det,quantile,0.9,5.1
2025-03-01,2025-03-22,3,bc,pct wk rsv lab det,quantile,0.975,6.1
2025-03-01,2025-02-22,-1,prairies,pct wk rsv lab det,quantile,0.025,1.6
2025-03-01,2025-02-22,-1,prairies,pct wk rsv lab det,quantile,0.1,2.6
2025-03-01,2025-02-22,-1,prairies,pct wk rsv lab det,quantile,0.25,3.6
2025-03-01,2025-02-22,-1,prairies,pct wk rsv lab det,quantile,0.5,4.8
2025-03-01,2025-02-22,-1,prairies,pct wk rsv lab det,quantile,0.75,5.9
2025-03-01,2025-02-22,-1,prairies,pct wk rsv lab det,quantile,0.9,6.9
2025-03-01,2025-02-22,-1,prairies,pct wk rsv lab det,quantile,0.975,8.1
2025-03-01,2025-03-01,0,prairies,pct wk rsv lab det,quantile,0.025,0.8
2025-03-01,2025-03-01,0,prairies,pct wk rsv lab det,quantile,0.1,2
2025-03-01,2025-03-01,0,prairies,pct wk rsv lab det,quantile,0.25,3.1
2025-03-01,2025-03-01,0,prairies,pct wk rsv lab det,quantile,0.5,4.1
2025-03-01,2025-03-01,0,prairies,pct wk rsv lab det,quantile,0.75,5.1
2025-03-01,2025-03-01,0,prairies,pct wk rsv lab det,quantile,0.9,6.1
2025-03-01,2025-03-01,0,prairies,pct wk rsv lab det,quantile,0.975,7.4
2025-03-01,2025-03-08,1,prairies,pct wk rsv lab det,quantile,0.025,0
2025-03-01,2025-03-08,1,prairies,pct wk rsv lab det,quantile,0.1,1.5
2025-03-01,2025-03-08,1,prairies,pct wk rsv lab det,quantile,0.25,2.5
2025-03-01,2025-03-08,1,prairies,pct wk rsv lab det,quantile,0.5,3.6
2025-03-01,2025-03-08,1,prairies,pct wk rsv lab det,quantile,0.75,4.5
2025-03-01,2025-03-08,1,prairies,pct wk rsv lab det,quantile,0.9,5.4
2025-03-01,2025-03-08,1,prairies,pct wk rsv lab det,quantile,0.975,6.5
2025-03-01,2025-03-15,2,prairies,pct wk rsv lab det,quantile,0.025,0
2025-03-01,2025-03-15,2,prairies,pct wk rsv lab det,quantile,0.1,0.8
2025-03-01,2025-03-15,2,prairies,pct wk rsv lab det,quantile,0.25,2
2025-03-01,2025-03-15,2,prairies,pct wk rsv lab det,quantile,0.5,3
2025-03-01,2025-03-15,2,prairies,pct wk rsv lab det,quantile,0.75,4
2025-03-01,2025-03-15,2,prairies,pct wk rsv lab det,quantile,0.9,4.8
2025-03-01,2025-03-15,2,prairies,pct wk rsv lab det,quantile,0.975,5.8
2025-03-01,2025-03-22,3,prairies,pct wk rsv lab det,quantile,0.025,0
2025-03-01,2025-03-22,3,prairies,pct wk rsv lab det,quantile,0.1,0.2
2025-03-01,2025-03-22,3,prairies,pct wk rsv lab det,quantile,0.25,1.4
2025-03-01,2025-03-22,3,prairies,pct wk rsv lab det,quantile,0.5,2.5
2025-03-01,2025-03-22,3,prairies,pct wk rsv lab det,quantile,0.75,3.5
2025-03-01,2025-03-22,3,prairies,pct wk rsv lab det,quantile,0.9,4.2
2025-03-01,2025-03-22,3,prairies,pct wk rsv lab det,quantile,0.975,5.2
2025-03-01,2025-02-22,-1,ab,pct wk rsv lab det,quantile,0.025,1.1
2025-03-01,2025-02-22,-1,ab,pct wk rsv lab det,quantile,0.1,2.2
2025-03-01,2025-02-22,-1,ab,pct wk rsv lab det,quantile,0.25,3.2
2025-03-01,2025-02-22,-1,ab,pct wk rsv lab det,quantile,0.5,4.4
2025-03-01,2025-02-22,-1,ab,pct wk rsv lab det,quantile,0.75,5.5
2025-03-01,2025-02-22,-1,ab,pct wk rsv lab det,quantile,0.9,6.6
2025-03-01,2025-02-22,-1,ab,pct wk rsv lab det,quantile,0.975,7.8
2025-03-01,2025-03-01,0,ab,pct wk rsv lab det,quantile,0.025,0.4
2025-03-01,2025-03-01,0,ab,pct wk rsv lab det,quantile,0.1,1.7
2025-03-01,2025-03-01,0,ab,pct wk rsv lab det,quantile,0.25,2.8
2025-03-01,2025-03-01,0,ab,pct wk rsv lab det,quantile,0.5,3.8
2025-03-01,2025-03-01,0,ab,pct wk rsv lab det,quantile,0.75,4.8
2025-03-01,2025-03-01,0,ab,pct wk rsv lab det,quantile,0.9,5.7
2025-03-01,2025-03-01,0,ab,pct wk rsv lab det,quantile,0.975,6.9
2025-03-01,2025-03-08,1,ab,pct wk rsv lab det,quantile,0.025,0
2025-03-01,2025-03-08,1,ab,pct wk rsv lab det,quantile,0.1,1.3
2025-03-01,2025-03-08,1,ab,pct wk rsv lab det,quantile,0.25,2.3
2025-03-01,2025-03-08,1,ab,pct wk rsv lab det,quantile,0.5,3.3
2025-03-01,2025-03-08,1,ab,pct wk rsv lab det,quantile,0.75,4.3
2025-03-01,2025-03-08,1,ab,pct wk rsv lab det,quantile,0.9,5.1
2025-03-01,2025-03-08,1,ab,pct wk rsv lab det,quantile,0.975,6.1
2025-03-01,2025-03-15,2,ab,pct wk rsv lab det,quantile,0.025,0
2025-03-01,2025-03-15,2,ab,pct wk rsv lab det,quantile,0.1,0.7
2025-03-01,2025-03-15,2,ab,pct wk rsv lab det,quantile,0.25,1.8
2025-03-01,2025-03-15,2,ab,pct wk rsv lab det,quantile,0.5,2.9
2025-03-01,2025-03-15,2,ab,pct wk rsv lab det,quantile,0.75,3.8
2025-03-01,2025-03-15,2,ab,pct wk rsv lab det,quantile,0.9,4.5
2025-03-01,2025-03-15,2,ab,pct wk rsv lab det,quantile,0.975,5.6
2025-03-01,2025-03-22,3,ab,pct wk rsv lab det,quantile,0.025,0
2025-03-01,2025-03-22,3,ab,pct wk rsv lab det,quantile,0.1,0.2
2025-03-01,2025-03-22,3,ab,pct wk rsv lab det,quantile,0.25,1.4
2025-03-01,2025-03-22,3,ab,pct wk rsv lab det,quantile,0.5,2.3
2025-03-01,2025-03-22,3,ab,pct wk rsv lab det,quantile,0.75,3.2
2025-03-01,2025-03-22,3,ab,pct wk rsv lab det,quantile,0.9,4
2025-03-01,2025-03-22,3,ab,pct wk rsv lab det,quantile,0.975,4.9
2025-03-01,2025-02-22,-1,sk,pct wk rsv lab det,quantile,0.025,0.8
2025-03-01,2025-02-22,-1,sk,pct wk rsv lab det,quantile,0.1,2.8
2025-03-01,2025-02-22,-1,sk,pct wk rsv lab det,quantile,0.25,4.7
2025-03-01,2025-02-22,-1,sk,pct wk rsv lab det,quantile,0.5,6.9
2025-03-01,2025-02-22,-1,sk,pct wk rsv lab det,quantile,0.75,9
2025-03-01,2025-02-22,-1,sk,pct wk rsv lab det,quantile,0.9,10.9
2025-03-01,2025-02-22,-1,sk,pct wk rsv lab det,quantile,0.975,13
2025-03-01,2025-03-01,0,sk,pct wk rsv lab det,quantile,0.025,0
2025-03-01,2025-03-01,0,sk,pct wk rsv lab det,quantile,0.1,1.3
2025-03-01,2025-03-01,0,sk,pct wk rsv lab det,quantile,0.25,3.7
2025-03-01,2025-03-01,0,sk,pct wk rsv lab det,quantile,0.5,6
2025-03-01,2025-03-01,0,sk,pct wk rsv lab det,quantile,0.75,8.2
2025-03-01,2025-03-01,0,sk,pct wk rsv lab det,quantile,0.9,10.1
2025-03-01,2025-03-01,0,sk,pct wk rsv lab det,quantile,0.975,12.7
2025-03-01,2025-03-08,1,sk,pct wk rsv lab det,quantile,0.025,0
2025-03-01,2025-03-08,1,sk,pct wk rsv lab det,quantile,0.1,0.5
2025-03-01,2025-03-08,1,sk,pct wk rsv lab det,quantile,0.25,2.9
2025-03-01,2025-03-08,1,sk,pct wk rsv lab det,quantile,0.5,5
2025-03-01,2025-03-08,1,sk,pct wk rsv lab det,quantile,0.75,7.1
2025-03-01,2025-03-08,1,sk,pct wk rsv lab det,quantile,0.9,8.9
2025-03-01,2025-03-08,1,sk,pct wk rsv lab det,quantile,0.975,11.3
2025-03-01,2025-03-15,2,sk,pct wk rsv lab det,quantile,0.025,0
2025-03-01,2025-03-15,2,sk,pct wk rsv lab det,quantile,0.1,0
2025-03-01,2025-03-15,2,sk,pct wk rsv lab det,quantile,0.25,2.2
2025-03-01,2025-03-15,2,sk,pct wk rsv lab det,quantile,0.5,4.4
2025-03-01,2025-03-15,2,sk,pct wk rsv lab det,quantile,0.75,6.2
2025-03-01,2025-03-15,2,sk,pct wk rsv lab det,quantile,0.9,7.7
2025-03-01,2025-03-15,2,sk,pct wk rsv lab det,quantile,0.975,9.6
2025-03-01,2025-03-22,3,sk,pct wk rsv lab det,quantile,0.025,0
2025-03-01,2025-03-22,3,sk,pct wk rsv lab det,quantile,0.1,0
2025-03-01,2025-03-22,3,sk,pct wk rsv lab det,quantile,0.25,1.4
2025-03-01,2025-03-22,3,sk,pct wk rsv lab det,quantile,0.5,3.5
2025-03-01,2025-03-22,3,sk,pct wk rsv lab det,quantile,0.75,5.3
2025-03-01,2025-03-22,3,sk,pct wk rsv lab det,quantile,0.9,6.7
2025-03-01,2025-03-22,3,sk,pct wk rsv lab det,quantile,0.975,8.6
2025-03-01,2025-02-22,-1,mb,pct wk rsv lab det,quantile,0.025,0.7
2025-03-01,2025-02-22,-1,mb,pct wk rsv lab det,quantile,0.1,1.8
2025-03-01,2025-02-22,-1,mb,pct wk rsv lab det,quantile,0.25,2.7
2025-03-01,2025-02-22,-1,mb,pct wk rsv lab det,quantile,0.5,3.7
2025-03-01,2025-02-22,-1,mb,pct wk rsv lab det,quantile,0.75,4.7
2025-03-01,2025-02-22,-1,mb,pct wk rsv lab det,quantile,0.9,5.6
2025-03-01,2025-02-22,-1,mb,pct wk rsv lab det,quantile,0.975,6.7
2025-03-01,2025-03-01,0,mb,pct wk rsv lab det,quantile,0.025,0.2
2025-03-01,2025-03-01,0,mb,pct wk rsv lab det,quantile,0.1,1.3
2025-03-01,2025-03-01,0,mb,pct wk rsv lab det,quantile,0.25,2.2
2025-03-01,2025-03-01,0,mb,pct wk rsv lab det,quantile,0.5,3.1
2025-03-01,2025-03-01,0,mb,pct wk rsv lab det,quantile,0.75,3.9
2025-03-01,2025-03-01,0,mb,pct wk rsv lab det,quantile,0.9,4.8
2025-03-01,2025-03-01,0,mb,pct wk rsv lab det,quantile,0.975,5.8
2025-03-01,2025-03-08,1,mb,pct wk rsv lab det,quantile,0.025,0
2025-03-01,2025-03-08,1,mb,pct wk rsv lab det,quantile,0.1,1
2025-03-01,2025-03-08,1,mb,pct wk rsv lab det,quantile,0.25,1.9
2025-03-01,2025-03-08,1,mb,pct wk rsv lab det,quantile,0.5,2.7
2025-03-01,2025-03-08,1,mb,pct wk rsv lab det,quantile,0.75,3.5
2025-03-01,2025-03-08,1,mb,pct wk rsv lab det,quantile,0.9,4.2
2025-03-01,2025-03-08,1,mb,pct wk rsv lab det,quantile,0.975,5.3
2025-03-01,2025-03-15,2,mb,pct wk rsv lab det,quantile,0.025,0
2025-03-01,2025-03-15,2,mb,pct wk rsv lab det,quantile,0.1,0.7
2025-03-01,2025-03-15,2,mb,pct wk rsv lab det,quantile,0.25,1.5
2025-03-01,2025-03-15,2,mb,pct wk rsv lab det,quantile,0.5,2.3
2025-03-01,2025-03-15,2,mb,pct wk rsv lab det,quantile,0.75,3
2025-03-01,2025-03-15,2,mb,pct wk rsv lab det,quantile,0.9,3.7
2025-03-01,2025-03-15,2,mb,pct wk rsv lab det,quantile,0.975,4.6
2025-03-01,2025-03-22,3,mb,pct wk rsv lab det,quantile,0.025,0
2025-03-01,2025-03-22,3,mb,pct wk rsv lab det,quantile,0.1,0.4
2025-03-01,2025-03-22,3,mb,pct wk rsv lab det,quantile,0.25,1.2
2025-03-01,2025-03-22,3,mb,pct wk rsv lab det,quantile,0.5,2
2025-03-01,2025-03-22,3,mb,pct wk rsv lab det,quantile,0.75,2.7
2025-03-01,2025-03-22,3,mb,pct wk rsv lab det,quantile,0.9,3.4
2025-03-01,2025-03-22,3,mb,pct wk rsv lab det,quantile,0.975,4.4
2025-03-01,2025-02-22,-1,on,pct wk rsv lab det,quantile,0.025,0.3
2025-03-01,2025-02-22,-1,on,pct wk rsv lab det,quantile,0.1,1.1
2025-03-01,2025-02-22,-1,on,pct wk rsv lab det,quantile,0.25,1.8
2025-03-01,2025-02-22,-1,on,pct wk rsv lab det,quantile,0.5,2.4
2025-03-01,2025-02-22,-1,on,pct wk rsv lab det,quantile,0.75,3.1
2025-03-01,2025-02-22,-1,on,pct wk rsv lab det,quantile,0.9,3.8
2025-03-01,2025-02-22,-1,on,pct wk rsv lab det,quantile,0.975,4.6
2025-03-01,2025-03-01,0,on,pct wk rsv lab det,quantile,0.025,0
2025-03-01,2025-03-01,0,on,pct wk rsv lab det,quantile,0.1,0.8
2025-03-01,2025-03-01,0,on,pct wk rsv lab det,quantile,0.25,1.5
2025-03-01,2025-03-01,0,on,pct wk rsv lab det,quantile,0.5,2.1
2025-03-01,2025-03-01,0,on,pct wk rsv lab det,quantile,0.75,2.7
2025-03-01,2025-03-01,0,on,pct wk rsv lab det,quantile,0.9,3.3
2025-03-01,2025-03-01,0,on,pct wk rsv lab det,quantile,0.975,4
2025-03-01,2025-03-08,1,on,pct wk rsv lab det,quantile,0.025,0
2025-03-01,2025-03-08,1,on,pct wk rsv lab det,quantile,0.1,0.6
2025-03-01,2025-03-08,1,on,pct wk rsv lab det,quantile,0.25,1.2
2025-03-01,2025-03-08,1,on,pct wk rsv lab det,quantile,0.5,1.8
2025-03-01,2025-03-08,1,on,pct wk rsv lab det,quantile,0.75,2.4
2025-03-01,2025-03-08,1,on,pct wk rsv lab det,quantile,0.9,2.9
2025-03-01,2025-03-08,1,on,pct wk rsv lab det,quantile,0.975,3.6
2025-03-01,2025-03-15,2,on,pct wk rsv lab det,quantile,0.025,0
2025-03-01,2025-03-15,2,on,pct wk rsv lab det,quantile,0.1,0.3
2025-03-01,2025-03-15,2,on,pct wk rsv lab det,quantile,0.25,1
2025-03-01,2025-03-15,2,on,pct wk rsv lab det,quantile,0.5,1.6
2025-03-01,2025-03-15,2,on,pct wk rsv lab det,quantile,0.75,2.1
2025-03-01,2025-03-15,2,on,pct wk rsv lab det,quantile,0.9,2.6
2025-03-01,2025-03-15,2,on,pct wk rsv lab det,quantile,0.975,3.2
2025-03-01,2025-03-22,3,on,pct wk rsv lab det,quantile,0.025,0
2025-03-01,2025-03-22,3,on,pct wk rsv lab det,quantile,0.1,0
2025-03-01,2025-03-22,3,on,pct wk rsv lab det,quantile,0.25,0.7
2025-03-01,2025-03-22,3,on,pct wk rsv lab det,quantile,0.5,1.3
2025-03-01,2025-03-22,3,on,pct wk rsv lab det,quantile,0.75,1.8
2025-03-01,2025-03-22,3,on,pct wk rsv lab det,quantile,0.9,2.3
2025-03-01,2025-03-22,3,on,pct wk rsv lab det,quantile,0.975,2.8
2025-03-01,2025-02-22,-1,qc,pct wk rsv lab det,quantile,0.025,0
2025-03-01,2025-02-22,-1,qc,pct wk rsv lab det,quantile,0.1,1
2025-03-01,2025-02-22,-1,qc,pct wk rsv lab det,quantile,0.25,1.8
2025-03-01,2025-02-22,-1,qc,pct wk rsv lab det,quantile,0.5,2.7
2025-03-01,2025-02-22,-1,qc,pct wk rsv lab det,quantile,0.75,3.7
2025-03-01,2025-02-22,-1,qc,pct wk rsv lab det,quantile,0.9,4.5
2025-03-01,2025-02-22,-1,qc,pct wk rsv lab det,quantile,0.975,5.6
2025-03-01,2025-03-01,0,qc,pct wk rsv lab det,quantile,0.025,0
2025-03-01,2025-03-01,0,qc,pct wk rsv lab det,quantile,0.1,0.6
2025-03-01,2025-03-01,0,qc,pct wk rsv lab det,quantile,0.25,1.5
2025-03-01,2025-03-01,0,qc,pct wk rsv lab det,quantile,0.5,2.4
2025-03-01,2025-03-01,0,qc,pct wk rsv lab det,quantile,0.75,3.3
2025-03-01,2025-03-01,0,qc,pct wk rsv lab det,quantile,0.9,4
2025-03-01,2025-03-01,0,qc,pct wk rsv lab det,quantile,0.975,5
2025-03-01,2025-03-08,1,qc,pct wk rsv lab det,quantile,0.025,0
2025-03-01,2025-03-08,1,qc,pct wk rsv lab det,quantile,0.1,0.2
2025-03-01,2025-03-08,1,qc,pct wk rsv lab det,quantile,0.25,1.2
2025-03-01,2025-03-08,1,qc,pct wk rsv lab det,quantile,0.5,2
2025-03-01,2025-03-08,1,qc,pct wk rsv lab det,quantile,0.75,2.8
2025-03-01,2025-03-08,1,qc,pct wk rsv lab det,quantile,0.9,3.6
2025-03-01,2025-03-08,1,qc,pct wk rsv lab det,quantile,0.975,4.5
2025-03-01,2025-03-15,2,qc,pct wk rsv lab det,quantile,0.025,0
2025-03-01,2025-03-15,2,qc,pct wk rsv lab det,quantile,0.1,0
2025-03-01,2025-03-15,2,qc,pct wk rsv lab det,quantile,0.25,0.9
2025-03-01,2025-03-15,2,qc,pct wk rsv lab det,quantile,0.5,1.7
2025-03-01,2025-03-15,2,qc,pct wk rsv lab det,quantile,0.75,2.5
2025-03-01,2025-03-15,2,qc,pct wk rsv lab det,quantile,0.9,3.1
2025-03-01,2025-03-15,2,qc,pct wk rsv lab det,quantile,0.975,3.8
2025-03-01,2025-03-22,3,qc,pct wk rsv lab det,quantile,0.025,0
2025-03-01,2025-03-22,3,qc,pct wk rsv lab det,quantile,0.1,0
2025-03-01,2025-03-22,3,qc,pct wk rsv lab det,quantile,0.25,0.6
2025-03-01,2025-03-22,3,qc,pct wk rsv lab det,quantile,0.5,1.4
2025-03-01,2025-03-22,3,qc,pct wk rsv lab det,quantile,0.75,2.1
2025-03-01,2025-03-22,3,qc,pct wk rsv lab det,quantile,0.9,2.7
2025-03-01,2025-03-22,3,qc,pct wk rsv lab det,quantile,0.975,3.5
2025-03-01,2025-02-22,-1,atlantic,pct wk rsv lab det,quantile,0.025,6.3
2025-03-01,2025-02-22,-1,atlantic,pct wk rsv lab det,quantile,0.1,7.4
2025-03-01,2025-02-22,-1,atlantic,pct wk rsv lab det,quantile,0.25,8.4
2025-03-01,2025-02-22,-1,atlantic,pct wk rsv lab det,quantile,0.5,9.5
2025-03-01,2025-02-22,-1,atlantic,pct wk rsv lab det,quantile,0.75,10.6
2025-03-01,2025-02-22,-1,atlantic,pct wk rsv lab det,quantile,0.9,11.6
2025-03-01,2025-02-22,-1,atlantic,pct wk rsv lab det,quantile,0.975,12.8
2025-03-01,2025-03-01,0,atlantic,pct wk rsv lab det,quantile,0.025,4.8
2025-03-01,2025-03-01,0,atlantic,pct wk rsv lab det,quantile,0.1,6.2
2025-03-01,2025-03-01,0,atlantic,pct wk rsv lab det,quantile,0.25,7.2
2025-03-01,2025-03-01,0,atlantic,pct wk rsv lab det,quantile,0.5,8.3
2025-03-01,2025-03-01,0,atlantic,pct wk rsv lab det,quantile,0.75,9.3
2025-03-01,2025-03-01,0,atlantic,pct wk rsv lab det,quantile,0.9,10.3
2025-03-01,2025-03-01,0,atlantic,pct wk rsv lab det,quantile,0.975,11.5
2025-03-01,2025-03-08,1,atlantic,pct wk rsv lab det,quantile,0.025,2.9
2025-03-01,2025-03-08,1,atlantic,pct wk rsv lab det,quantile,0.1,4.6
2025-03-01,2025-03-08,1,atlantic,pct wk rsv lab det,quantile,0.25,5.9
2025-03-01,2025-03-08,1,atlantic,pct wk rsv lab det,quantile,0.5,7.1
2025-03-01,2025-03-08,1,atlantic,pct wk rsv lab det,quantile,0.75,8.3
2025-03-01,2025-03-08,1,atlantic,pct wk rsv lab det,quantile,0.9,9.3
2025-03-01,2025-03-08,1,atlantic,pct wk rsv lab det,quantile,0.975,10.4
2025-03-01,2025-03-15,2,atlantic,pct wk rsv lab det,quantile,0.025,1.2
2025-03-01,2025-03-15,2,atlantic,pct wk rsv lab det,quantile,0.1,3.3
2025-03-01,2025-03-15,2,atlantic,pct wk rsv lab det,quantile,0.25,4.7
2025-03-01,2025-03-15,2,atlantic,pct wk rsv lab det,quantile,0.5,6.1
2025-03-01,2025-03-15,2,atlantic,pct wk rsv lab det,quantile,0.75,7.3
2025-03-01,2025-03-15,2,atlantic,pct wk rsv lab det,quantile,0.9,8.4
2025-03-01,2025-03-15,2,atlantic,pct wk rsv lab det,quantile,0.975,9.5
2025-03-01,2025-03-22,3,atlantic,pct wk rsv lab det,quantile,0.025,0
2025-03-01,2025-03-22,3,atlantic,pct wk rsv lab det,quantile,0.1,2.1
2025-03-01,2025-03-22,3,atlantic,pct wk rsv lab det,quantile,0.25,3.8
2025-03-01,2025-03-22,3,atlantic,pct wk rsv lab det,quantile,0.5,5.3
2025-03-01,2025-03-22,3,atlantic,pct wk rsv lab det,quantile,0.75,6.6
2025-03-01,2025-03-22,3,atlantic,pct wk rsv lab det,quantile,0.9,7.8
2025-03-01,2025-03-22,3,atlantic,pct wk rsv lab det,quantile,0.975,8.9
2025-03-01,2025-02-22,-1,nb,pct wk rsv lab det,quantile,0.025,5.8
2025-03-01,2025-02-22,-1,nb,pct wk rsv lab det,quantile,0.1,7.2
2025-03-01,2025-02-22,-1,nb,pct wk rsv lab det,quantile,0.25,8.4
2025-03-01,2025-02-22,-1,nb,pct wk rsv lab det,quantile,0.5,9.8
2025-03-01,2025-02-22,-1,nb,pct wk rsv lab det,quantile,0.75,11.1
2025-03-01,2025-02-22,-1,nb,pct wk rsv lab det,quantile,0.9,12.4
2025-03-01,2025-02-22,-1,nb,pct wk rsv lab det,quantile,0.975,13.7
2025-03-01,2025-03-01,0,nb,pct wk rsv lab det,quantile,0.025,4.4
2025-03-01,2025-03-01,0,nb,pct wk rsv lab det,quantile,0.1,6
2025-03-01,2025-03-01,0,nb,pct wk rsv lab det,quantile,0.25,7.3
2025-03-01,2025-03-01,0,nb,pct wk rsv lab det,quantile,0.5,8.6
2025-03-01,2025-03-01,0,nb,pct wk rsv lab det,quantile,0.75,9.9
2025-03-01,2025-03-01,0,nb,pct wk rsv lab det,quantile,0.9,11.1
2025-03-01,2025-03-01,0,nb,pct wk rsv lab det,quantile,0.975,12.6
2025-03-01,2025-03-08,1,nb,pct wk rsv lab det,quantile,0.025,2.4
2025-03-01,2025-03-08,1,nb,pct wk rsv lab det,quantile,0.1,4.4
2025-03-01,2025-03-08,1,nb,pct wk rsv lab det,quantile,0.25,6
2025-03-01,2025-03-08,1,nb,pct wk rsv lab det,quantile,0.5,7.4
2025-03-01,2025-03-08,1,nb,pct wk rsv lab det,quantile,0.75,8.7
2025-03-01,2025-03-08,1,nb,pct wk rsv lab det,quantile,0.9,9.9
2025-03-01,2025-03-08,1,nb,pct wk rsv lab det,quantile,0.975,11.2
2025-03-01,2025-03-15,2,nb,pct wk rsv lab det,quantile,0.025,0.5
2025-03-01,2025-03-15,2,nb,pct wk rsv lab det,quantile,0.1,2.9
2025-03-01,2025-03-15,2,nb,pct wk rsv lab det,quantile,0.25,4.7
2025-03-01,2025-03-15,2,nb,pct wk rsv lab det,quantile,0.5,6.3
2025-03-01,2025-03-15,2,nb,pct wk rsv lab det,quantile,0.75,7.8
2025-03-01,2025-03-15,2,nb,pct wk rsv lab det,quantile,0.9,9
2025-03-01,2025-03-15,2,nb,pct wk rsv lab det,quantile,0.975,10.3
2025-03-01,2025-03-22,3,nb,pct wk rsv lab det,quantile,0.025,0
2025-03-01,2025-03-22,3,nb,pct wk rsv lab det,quantile,0.1,1.8
2025-03-01,2025-03-22,3,nb,pct wk rsv lab det,quantile,0.25,3.8
2025-03-01,2025-03-22,3,nb,pct wk rsv lab det,quantile,0.5,5.4
2025-03-01,2025-03-22,3,nb,pct wk rsv lab det,quantile,0.75,6.9
2025-03-01,2025-03-22,3,nb,pct wk rsv lab det,quantile,0.9,8.2
2025-03-01,2025-03-22,3,nb,pct wk rsv lab det,quantile,0.975,9.6
2025-03-01,2025-02-22,-1,ns,pct wk rsv lab det,quantile,0.025,5.2
2025-03-01,2025-02-22,-1,ns,pct wk rsv lab det,quantile,0.1,6.6
2025-03-01,2025-02-22,-1,ns,pct wk rsv lab det,quantile,0.25,7.7
2025-03-01,2025-02-22,-1,ns,pct wk rsv lab det,quantile,0.5,9.1
2025-03-01,2025-02-22,-1,ns,pct wk rsv lab det,quantile,0.75,10.3
2025-03-01,2025-02-22,-1,ns,pct wk rsv lab det,quantile,0.9,11.5
2025-03-01,2025-02-22,-1,ns,pct wk rsv lab det,quantile,0.975,12.9
2025-03-01,2025-03-01,0,ns,pct wk rsv lab det,quantile,0.025,3.9
2025-03-01,2025-03-01,0,ns,pct wk rsv lab det,quantile,0.1,5.3
2025-03-01,2025-03-01,0,ns,pct wk rsv lab det,quantile,0.25,6.5
2025-03-01,2025-03-01,0,ns,pct wk rsv lab det,quantile,0.5,7.7
2025-03-01,2025-03-01,0,ns,pct wk rsv lab det,quantile,0.75,8.8
2025-03-01,2025-03-01,0,ns,pct wk rsv lab det,quantile,0.9,10
2025-03-01,2025-03-01,0,ns,pct wk rsv lab det,quantile,0.975,11.4
2025-03-01,2025-03-08,1,ns,pct wk rsv lab det,quantile,0.025,2.4
2025-03-01,2025-03-08,1,ns,pct wk rsv lab det,quantile,0.1,4.1
2025-03-01,2025-03-08,1,ns,pct wk rsv lab det,quantile,0.25,5.4
2025-03-01,2025-03-08,1,ns,pct wk rsv lab det,quantile,0.5,6.6
2025-03-01,2025-03-08,1,ns,pct wk rsv lab det,quantile,0.75,7.8
2025-03-01,2025-03-08,1,ns,pct wk rsv lab det,quantile,0.9,8.9
2025-03-01,2025-03-08,1,ns,pct wk rsv lab det,quantile,0.975,10.2
2025-03-01,2025-03-15,2,ns,pct wk rsv lab det,quantile,0.025,1
2025-03-01,2025-03-15,2,ns,pct wk rsv lab det,quantile,0.1,3
2025-03-01,2025-03-15,2,ns,pct wk rsv lab det,quantile,0.25,4.4
2025-03-01,2025-03-15,2,ns,pct wk rsv lab det,quantile,0.5,5.7
2025-03-01,2025-03-15,2,ns,pct wk rsv lab det,quantile,0.75,6.8
2025-03-01,2025-03-15,2,ns,pct wk rsv lab det,quantile,0.9,7.8
2025-03-01,2025-03-15,2,ns,pct wk rsv lab det,quantile,0.975,9.2
2025-03-01,2025-03-22,3,ns,pct wk rsv lab det,quantile,0.025,0
2025-03-01,2025-03-22,3,ns,pct wk rsv lab det,quantile,0.1,2
2025-03-01,2025-03-22,3,ns,pct wk rsv lab det,quantile,0.25,3.6
2025-03-01,2025-03-22,3,ns,pct wk rsv lab det,quantile,0.5,5
2025-03-01,2025-03-22,3,ns,pct wk rsv lab det,quantile,0.75,6.3
2025-03-01,2025-03-22,3,ns,pct wk rsv lab det,quantile,0.9,7.3
2025-03-01,2025-03-22,3,ns,pct wk rsv lab det,quantile,0.975,8.7
2025-03-01,2025-02-22,-1,pe,pct wk rsv lab det,quantile,0.025,0
2025-03-01,2025-02-22,-1,pe,pct wk rsv lab det,quantile,0.1,0.2
2025-03-01,2025-02-22,-1,pe,pct wk rsv lab det,quantile,0.25,2.5
2025-03-01,2025-02-22,-1,pe,pct wk rsv lab det,quantile,0.5,5.2
2025-03-01,2025-02-22,-1,pe,pct wk rsv lab det,quantile,0.75,7.7
2025-03-01,2025-02-22,-1,pe,pct wk rsv lab det,quantile,0.9,10.1
2025-03-01,2025-02-22,-1,pe,pct wk rsv lab det,quantile,0.975,12.8
2025-03-01,2025-03-01,0,pe,pct wk rsv lab det,quantile,0.025,0
2025-03-01,2025-03-01,0,pe,pct wk rsv lab det,quantile,0.1,0
2025-03-01,2025-03-01,0,pe,pct wk rsv lab det,quantile,0.25,2.4
2025-03-01,2025-03-01,0,pe,pct wk rsv lab det,quantile,0.5,5.2
2025-03-01,2025-03-01,0,pe,pct wk rsv lab det,quantile,0.75,7.7
2025-03-01,2025-03-01,0,pe,pct wk rsv lab det,quantile,0.9,10
2025-03-01,2025-03-01,0,pe,pct wk rsv lab det,quantile,0.975,12.9
2025-03-01,2025-03-08,1,pe,pct wk rsv lab det,quantile,0.025,0
2025-03-01,2025-03-08,1,pe,pct wk rsv lab det,quantile,0.1,0
2025-03-01,2025-03-08,1,pe,pct wk rsv lab det,quantile,0.25,1.8
2025-03-01,2025-03-08,1,pe,pct wk rsv lab det,quantile,0.5,4.5
2025-03-01,2025-03-08,1,pe,pct wk rsv lab det,quantile,0.75,6.8
2025-03-01,2025-03-08,1,pe,pct wk rsv lab det,quantile,0.9,8.9
2025-03-01,2025-03-08,1,pe,pct wk rsv lab det,quantile,0.975,11.5
2025-03-01,2025-03-15,2,pe,pct wk rsv lab det,quantile,0.025,0
2025-03-01,2025-03-15,2,pe,pct wk rsv lab det,quantile,0.1,0
2025-03-01,2025-03-15,2,pe,pct wk rsv lab det,quantile,0.25,1.1
2025-03-01,2025-03-15,2,pe,pct wk rsv lab det,quantile,0.5,3.8
2025-03-01,2025-03-15,2,pe,pct wk rsv lab det,quantile,0.75,6.1
2025-03-01,2025-03-15,2,pe,pct wk rsv lab det,quantile,0.9,8
2025-03-01,2025-03-15,2,pe,pct wk rsv lab det,quantile,0.975,10.7
2025-03-01,2025-03-22,3,pe,pct wk rsv lab det,quantile,0.025,0
2025-03-01,2025-03-22,3,pe,pct wk rsv lab det,quantile,0.1,0
2025-03-01,2025-03-22,3,pe,pct wk rsv lab det,quantile,0.25,0.5
2025-03-01,2025-03-22,3,pe,pct wk rsv lab det,quantile,0.5,2.8
2025-03-01,2025-03-22,3,pe,pct wk rsv lab det,quantile,0.75,4.8
2025-03-01,2025-03-22,3,pe,pct wk rsv lab det,quantile,0.9,6.5
2025-03-01,2025-03-22,3,pe,pct wk rsv lab det,quantile,0.975,8.5
2025-03-01,2025-02-22,-1,nl,pct wk rsv lab det,quantile,0.025,8.9
2025-03-01,2025-02-22,-1,nl,pct wk rsv lab det,quantile,0.1,10.5
2025-03-01,2025-02-22,-1,nl,pct wk rsv lab det,quantile,0.25,11.9
2025-03-01,2025-02-22,-1,nl,pct wk rsv lab det,quantile,0.5,13.4
2025-03-01,2025-02-22,-1,nl,pct wk rsv lab det,quantile,0.75,14.9
2025-03-01,2025-02-22,-1,nl,pct wk rsv lab det,quantile,0.9,16.4
2025-03-01,2025-02-22,-1,nl,pct wk rsv lab det,quantile,0.975,17.9
2025-03-01,2025-03-01,0,nl,pct wk rsv lab det,quantile,0.025,6.9
2025-03-01,2025-03-01,0,nl,pct wk rsv lab det,quantile,0.1,8.7
2025-03-01,2025-03-01,0,nl,pct wk rsv lab det,quantile,0.25,10.2
2025-03-01,2025-03-01,0,nl,pct wk rsv lab det,quantile,0.5,11.7
2025-03-01,2025-03-01,0,nl,pct wk rsv lab det,quantile,0.75,13.3
2025-03-01,2025-03-01,0,nl,pct wk rsv lab det,quantile,0.9,14.8
2025-03-01,2025-03-01,0,nl,pct wk rsv lab det,quantile,0.975,16.9
2025-03-01,2025-03-08,1,nl,pct wk rsv lab det,quantile,0.025,5.1
2025-03-01,2025-03-08,1,nl,pct wk rsv lab det,quantile,0.1,7
2025-03-01,2025-03-08,1,nl,pct wk rsv lab det,quantile,0.25,8.6
2025-03-01,2025-03-08,1,nl,pct wk rsv lab det,quantile,0.5,10.1
2025-03-01,2025-03-08,1,nl,pct wk rsv lab det,quantile,0.75,11.6
2025-03-01,2025-03-08,1,nl,pct wk rsv lab det,quantile,0.9,13
2025-03-01,2025-03-08,1,nl,pct wk rsv lab det,quantile,0.975,14.7
2025-03-01,2025-03-15,2,nl,pct wk rsv lab det,quantile,0.025,3.1
2025-03-01,2025-03-15,2,nl,pct wk rsv lab det,quantile,0.1,5.5
2025-03-01,2025-03-15,2,nl,pct wk rsv lab det,quantile,0.25,7.1
2025-03-01,2025-03-15,2,nl,pct wk rsv lab det,quantile,0.5,8.8
2025-03-01,2025-03-15,2,nl,pct wk rsv lab det,quantile,0.75,10.3
2025-03-01,2025-03-15,2,nl,pct wk rsv lab det,quantile,0.9,11.8
2025-03-01,2025-03-15,2,nl,pct wk rsv lab det,quantile,0.975,13.7
2025-03-01,2025-03-22,3,nl,pct wk rsv lab det,quantile,0.025,1.4
2025-03-01,2025-03-22,3,nl,pct wk rsv lab det,quantile,0.1,4.1
2025-03-01,2025-03-22,3,nl,pct wk rsv lab det,quantile,0.25,6
2025-03-01,2025-03-22,3,nl,pct wk rsv lab det,quantile,0.5,7.7
2025-03-01,2025-03-22,3,nl,pct wk rsv lab det,quantile,0.75,9.4
2025-03-01,2025-03-22,3,nl,pct wk rsv lab det,quantile,0.9,11
2025-03-01,2025-03-22,3,nl,pct wk rsv lab det,quantile,0.975,12.9
2025-03-01,2025-02-22,-1,yk,pct wk flu lab det,quantile,0.025,28.9
2025-03-01,2025-02-22,-1,yk,pct wk flu lab det,quantile,0.1,34.7
2025-03-01,2025-02-22,-1,yk,pct wk flu lab det,quantile,0.25,40
2025-03-01,2025-02-22,-1,yk,pct wk flu lab det,quantile,0.5,45.7
2025-03-01,2025-02-22,-1,yk,pct wk flu lab det,quantile,0.75,51.3
2025-03-01,2025-02-22,-1,yk,pct wk flu lab det,quantile,0.9,56.7
2025-03-01,2025-02-22,-1,yk,pct wk flu lab det,quantile,0.975,62.7
2025-03-01,2025-03-01,0,yk,pct wk flu lab det,quantile,0.025,35.5
2025-03-01,2025-03-01,0,yk,pct wk flu lab det,quantile,0.1,43.7
2025-03-01,2025-03-01,0,yk,pct wk flu lab det,quantile,0.25,49.8
2025-03-01,2025-03-01,0,yk,pct wk flu lab det,quantile,0.5,56.6
2025-03-01,2025-03-01,0,yk,pct wk flu lab det,quantile,0.75,63.7
2025-03-01,2025-03-01,0,yk,pct wk flu lab det,quantile,0.9,70
2025-03-01,2025-03-01,0,yk,pct wk flu lab det,quantile,0.975,78.3
2025-03-01,2025-03-08,1,yk,pct wk flu lab det,quantile,0.025,37.4
2025-03-01,2025-03-08,1,yk,pct wk flu lab det,quantile,0.1,47.2
2025-03-01,2025-03-08,1,yk,pct wk flu lab det,quantile,0.25,54.6
2025-03-01,2025-03-08,1,yk,pct wk flu lab det,quantile,0.5,62.6
2025-03-01,2025-03-08,1,yk,pct wk flu lab det,quantile,0.75,70.6
2025-03-01,2025-03-08,1,yk,pct wk flu lab det,quantile,0.9,78.1
2025-03-01,2025-03-08,1,yk,pct wk flu lab det,quantile,0.975,86.3
2025-03-01,2025-03-15,2,yk,pct wk flu lab det,quantile,0.025,39.4
2025-03-01,2025-03-15,2,yk,pct wk flu lab det,quantile,0.1,51.3
2025-03-01,2025-03-15,2,yk,pct wk flu lab det,quantile,0.25,60.7
2025-03-01,2025-03-15,2,yk,pct wk flu lab det,quantile,0.5,69.5
2025-03-01,2025-03-15,2,yk,pct wk flu lab det,quantile,0.75,78
2025-03-01,2025-03-15,2,yk,pct wk flu lab det,quantile,0.9,86.1
2025-03-01,2025-03-15,2,yk,pct wk flu lab det,quantile,0.975,95.3
2025-03-01,2025-03-22,3,yk,pct wk flu lab det,quantile,0.025,41.5
2025-03-01,2025-03-22,3,yk,pct wk flu lab det,quantile,0.1,56.8
2025-03-01,2025-03-22,3,yk,pct wk flu lab det,quantile,0.25,68.4
2025-03-01,2025-03-22,3,yk,pct wk flu lab det,quantile,0.5,80
2025-03-01,2025-03-22,3,yk,pct wk flu lab det,quantile,0.75,91.5
2025-03-01,2025-03-22,3,yk,pct wk flu lab det,quantile,0.9,101.9
2025-03-01,2025-03-22,3,yk,pct wk flu lab det,quantile,0.975,115.3
2025-03-01,2025-02-22,-1,ca,pct wk flu lab det,quantile,0.025,22.8
2025-03-01,2025-02-22,-1,ca,pct wk flu lab det,quantile,0.1,24.5
2025-03-01,2025-02-22,-1,ca,pct wk flu lab det,quantile,0.25,25.9
2025-03-01,2025-02-22,-1,ca,pct wk flu lab det,quantile,0.5,27.6
2025-03-01,2025-02-22,-1,ca,pct wk flu lab det,quantile,0.75,29.3
2025-03-01,2025-02-22,-1,ca,pct wk flu lab det,quantile,0.9,30.8
2025-03-01,2025-02-22,-1,ca,pct wk flu lab det,quantile,0.975,32.7
2025-03-01,2025-03-01,0,ca,pct wk flu lab det,quantile,0.025,26.6
2025-03-01,2025-03-01,0,ca,pct wk flu lab det,quantile,0.1,29
2025-03-01,2025-03-01,0,ca,pct wk flu lab det,quantile,0.25,31.1
2025-03-01,2025-03-01,0,ca,pct wk flu lab det,quantile,0.5,33.1
2025-03-01,2025-03-01,0,ca,pct wk flu lab det,quantile,0.75,35.2
2025-03-01,2025-03-01,0,ca,pct wk flu lab det,quantile,0.9,37.1
2025-03-01,2025-03-01,0,ca,pct wk flu lab det,quantile,0.975,39.3
2025-03-01,2025-03-08,1,ca,pct wk flu lab det,quantile,0.025,27.9
2025-03-01,2025-03-08,1,ca,pct wk flu lab det,quantile,0.1,31.6
2025-03-01,2025-03-08,1,ca,pct wk flu lab det,quantile,0.25,34.5
2025-03-01,2025-03-08,1,ca,pct wk flu lab det,quantile,0.5,37.4
2025-03-01,2025-03-08,1,ca,pct wk flu lab det,quantile,0.75,40.2
2025-03-01,2025-03-08,1,ca,pct wk flu lab det,quantile,0.9,42.5
2025-03-01,2025-03-08,1,ca,pct wk flu lab det,quantile,0.975,45.1
2025-03-01,2025-03-15,2,ca,pct wk flu lab det,quantile,0.025,28.9
2025-03-01,2025-03-15,2,ca,pct wk flu lab det,quantile,0.1,34.1
2025-03-01,2025-03-15,2,ca,pct wk flu lab det,quantile,0.25,38.3
2025-03-01,2025-03-15,2,ca,pct wk flu lab det,quantile,0.5,42
2025-03-01,2025-03-15,2,ca,pct wk flu lab det,quantile,0.75,45.5
2025-03-01,2025-03-15,2,ca,pct wk flu lab det,quantile,0.9,48.2
2025-03-01,2025-03-15,2,ca,pct wk flu lab det,quantile,0.975,51.3
2025-03-01,2025-03-22,3,ca,pct wk flu lab det,quantile,0.025,29.7
2025-03-01,2025-03-22,3,ca,pct wk flu lab det,quantile,0.1,37.2
2025-03-01,2025-03-22,3,ca,pct wk flu lab det,quantile,0.25,42.6
2025-03-01,2025-03-22,3,ca,pct wk flu lab det,quantile,0.5,47.5
2025-03-01,2025-03-22,3,ca,pct wk flu lab det,quantile,0.75,52.2
2025-03-01,2025-03-22,3,ca,pct wk flu lab det,quantile,0.9,56.1
2025-03-01,2025-03-22,3,ca,pct wk flu lab det,quantile,0.975,60.2
2025-03-01,2025-02-22,-1,territories,pct wk flu lab det,quantile,0.025,22.2
2025-03-01,2025-02-22,-1,territories,pct wk flu lab det,quantile,0.1,25.8
2025-03-01,2025-02-22,-1,territories,pct wk flu lab det,quantile,0.25,28.9
2025-03-01,2025-02-22,-1,territories,pct wk flu lab det,quantile,0.5,32.3
2025-03-01,2025-02-22,-1,territories,pct wk flu lab det,quantile,0.75,35.9
2025-03-01,2025-02-22,-1,territories,pct wk flu lab det,quantile,0.9,39.1
2025-03-01,2025-02-22,-1,territories,pct wk flu lab det,quantile,0.975,43.2
2025-03-01,2025-03-01,0,territories,pct wk flu lab det,quantile,0.025,28.5
2025-03-01,2025-03-01,0,territories,pct wk flu lab det,quantile,0.1,32.9
2025-03-01,2025-03-01,0,territories,pct wk flu lab det,quantile,0.25,36.8
2025-03-01,2025-03-01,0,territories,pct wk flu lab det,quantile,0.5,40.9
2025-03-01,2025-03-01,0,territories,pct wk flu lab det,quantile,0.75,44.8
2025-03-01,2025-03-01,0,territories,pct wk flu lab det,quantile,0.9,48.1
2025-03-01,2025-03-01,0,territories,pct wk flu lab det,quantile,0.975,52.1
2025-03-01,2025-03-08,1,territories,pct wk flu lab det,quantile,0.025,30.7
2025-03-01,2025-03-08,1,territories,pct wk flu lab det,quantile,0.1,36.8
2025-03-01,2025-03-08,1,territories,pct wk flu lab det,quantile,0.25,41.6
2025-03-01,2025-03-08,1,territories,pct wk flu lab det,quantile,0.5,46.4
2025-03-01,2025-03-08,1,territories,pct wk flu lab det,quantile,0.75,51.3
2025-03-01,2025-03-08,1,territories,pct wk flu lab det,quantile,0.9,55.6
2025-03-01,2025-03-08,1,territories,pct wk flu lab det,quantile,0.975,60.8
2025-03-01,2025-03-15,2,territories,pct wk flu lab det,quantile,0.025,30.9
2025-03-01,2025-03-15,2,territories,pct wk flu lab det,quantile,0.1,39.3
2025-03-01,2025-03-15,2,territories,pct wk flu lab det,quantile,0.25,45.7
2025-03-01,2025-03-15,2,territories,pct wk flu lab det,quantile,0.5,51.6
2025-03-01,2025-03-15,2,territories,pct wk flu lab det,quantile,0.75,57.3
2025-03-01,2025-03-15,2,territories,pct wk flu lab det,quantile,0.9,62.6
2025-03-01,2025-03-15,2,territories,pct wk flu lab det,quantile,0.975,67.8
2025-03-01,2025-03-22,3,territories,pct wk flu lab det,quantile,0.025,32.4
2025-03-01,2025-03-22,3,territories,pct wk flu lab det,quantile,0.1,43.2
2025-03-01,2025-03-22,3,territories,pct wk flu lab det,quantile,0.25,50.9
2025-03-01,2025-03-22,3,territories,pct wk flu lab det,quantile,0.5,58.3
2025-03-01,2025-03-22,3,territories,pct wk flu lab det,quantile,0.75,65.5
2025-03-01,2025-03-22,3,territories,pct wk flu lab det,quantile,0.9,71.8
2025-03-01,2025-03-22,3,territories,pct wk flu lab det,quantile,0.975,79
2025-03-01,2025-02-22,-1,nu,pct wk flu lab det,quantile,0.025,0
2025-03-01,2025-02-22,-1,nu,pct wk flu lab det,quantile,0.1,2.7
2025-03-01,2025-02-22,-1,nu,pct wk flu lab det,quantile,0.25,11.7
2025-03-01,2025-02-22,-1,nu,pct wk flu lab det,quantile,0.5,22.1
2025-03-01,2025-02-22,-1,nu,pct wk flu lab det,quantile,0.75,32.2
2025-03-01,2025-02-22,-1,nu,pct wk flu lab det,quantile,0.9,40.9
2025-03-01,2025-02-22,-1,nu,pct wk flu lab det,quantile,0.975,50.7
2025-03-01,2025-03-01,0,nu,pct wk flu lab det,quantile,0.025,0
2025-03-01,2025-03-01,0,nu,pct wk flu lab det,quantile,0.1,11
2025-03-01,2025-03-01,0,nu,pct wk flu lab det,quantile,0.25,21.2
2025-03-01,2025-03-01,0,nu,pct wk flu lab det,quantile,0.5,30.9
2025-03-01,2025-03-01,0,nu,pct wk flu lab det,quantile,0.75,40.7
2025-03-01,2025-03-01,0,nu,pct wk flu lab det,quantile,0.9,49.3
2025-03-01,2025-03-01,0,nu,pct wk flu lab det,quantile,0.975,61.9
2025-03-01,2025-03-08,1,nu,pct wk flu lab det,quantile,0.025,0
2025-03-01,2025-03-08,1,nu,pct wk flu lab det,quantile,0.1,15.3
2025-03-01,2025-03-08,1,nu,pct wk flu lab det,quantile,0.25,26.7
2025-03-01,2025-03-08,1,nu,pct wk flu lab det,quantile,0.5,38
2025-03-01,2025-03-08,1,nu,pct wk flu lab det,quantile,0.75,49
2025-03-01,2025-03-08,1,nu,pct wk flu lab det,quantile,0.9,59.4
2025-03-01,2025-03-08,1,nu,pct wk flu lab det,quantile,0.975,73.1
2025-03-01,2025-03-15,2,nu,pct wk flu lab det,quantile,0.025,0
2025-03-01,2025-03-15,2,nu,pct wk flu lab det,quantile,0.1,13.3
2025-03-01,2025-03-15,2,nu,pct wk flu lab det,quantile,0.25,27
2025-03-01,2025-03-15,2,nu,pct wk flu lab det,quantile,0.5,40
2025-03-01,2025-03-15,2,nu,pct wk flu lab det,quantile,0.75,52.7
2025-03-01,2025-03-15,2,nu,pct wk flu lab det,quantile,0.9,64
2025-03-01,2025-03-15,2,nu,pct wk flu lab det,quantile,0.975,77.6
2025-03-01,2025-03-22,3,nu,pct wk flu lab det,quantile,0.025,0
2025-03-01,2025-03-22,3,nu,pct wk flu lab det,quantile,0.1,15.9
2025-03-01,2025-03-22,3,nu,pct wk flu lab det,quantile,0.25,30.7
2025-03-01,2025-03-22,3,nu,pct wk flu lab det,quantile,0.5,44.6
2025-03-01,2025-03-22,3,nu,pct wk flu lab det,quantile,0.75,58.8
2025-03-01,2025-03-22,3,nu,pct wk flu lab det,quantile,0.9,71.8
2025-03-01,2025-03-22,3,nu,pct wk flu lab det,quantile,0.975,84.9
2025-03-01,2025-02-22,-1,nt,pct wk flu lab det,quantile,0.025,32.1
2025-03-01,2025-02-22,-1,nt,pct wk flu lab det,quantile,0.1,35.7
2025-03-01,2025-02-22,-1,nt,pct wk flu lab det,quantile,0.25,39.1
2025-03-01,2025-02-22,-1,nt,pct wk flu lab det,quantile,0.5,43.2
2025-03-01,2025-02-22,-1,nt,pct wk flu lab det,quantile,0.75,47
2025-03-01,2025-02-22,-1,nt,pct wk flu lab det,quantile,0.9,50.7
2025-03-01,2025-02-22,-1,nt,pct wk flu lab det,quantile,0.975,54.4
2025-03-01,2025-03-01,0,nt,pct wk flu lab det,quantile,0.025,34.7
2025-03-01,2025-03-01,0,nt,pct wk flu lab det,quantile,0.1,38.8
2025-03-01,2025-03-01,0,nt,pct wk flu lab det,quantile,0.25,42.4
2025-03-01,2025-03-01,0,nt,pct wk flu lab det,quantile,0.5,46.3
2025-03-01,2025-03-01,0,nt,pct wk flu lab det,quantile,0.75,50.3
2025-03-01,2025-03-01,0,nt,pct wk flu lab det,quantile,0.9,53.8
2025-03-01,2025-03-01,0,nt,pct wk flu lab det,quantile,0.975,58.5
2025-03-01,2025-03-08,1,nt,pct wk flu lab det,quantile,0.025,38.6
2025-03-01,2025-03-08,1,nt,pct wk flu lab det,quantile,0.1,43.5
2025-03-01,2025-03-08,1,nt,pct wk flu lab det,quantile,0.25,47.4
2025-03-01,2025-03-08,1,nt,pct wk flu lab det,quantile,0.5,51.9
2025-03-01,2025-03-08,1,nt,pct wk flu lab det,quantile,0.75,56.5
2025-03-01,2025-03-08,1,nt,pct wk flu lab det,quantile,0.9,60.6
2025-03-01,2025-03-08,1,nt,pct wk flu lab det,quantile,0.975,65.3
2025-03-01,2025-03-15,2,nt,pct wk flu lab det,quantile,0.025,42
2025-03-01,2025-03-15,2,nt,pct wk flu lab det,quantile,0.1,48.1
2025-03-01,2025-03-15,2,nt,pct wk flu lab det,quantile,0.25,53.5
2025-03-01,2025-03-15,2,nt,pct wk flu lab det,quantile,0.5,59.2
2025-03-01,2025-03-15,2,nt,pct wk flu lab det,quantile,0.75,65.1
2025-03-01,2025-03-15,2,nt,pct wk flu lab det,quantile,0.9,70.3
2025-03-01,2025-03-15,2,nt,pct wk flu lab det,quantile,0.975,76.2
2025-03-01,2025-03-22,3,nt,pct wk flu lab det,quantile,0.025,44.3
2025-03-01,2025-03-22,3,nt,pct wk flu lab det,quantile,0.1,52.6
2025-03-01,2025-03-22,3,nt,pct wk flu lab det,quantile,0.25,59.7
2025-03-01,2025-03-22,3,nt,pct wk flu lab det,quantile,0.5,67.2
2025-03-01,2025-03-22,3,nt,pct wk flu lab det,quantile,0.75,74.6
2025-03-01,2025-03-22,3,nt,pct wk flu lab det,quantile,0.9,81.4
2025-03-01,2025-03-22,3,nt,pct wk flu lab det,quantile,0.975,89.3
2025-03-01,2025-02-22,-1,bc,pct wk flu lab det,quantile,0.025,28.6
2025-03-01,2025-02-22,-1,bc,pct wk flu lab det,quantile,0.1,30.5
2025-03-01,2025-02-22,-1,bc,pct wk flu lab det,quantile,0.25,32.2
2025-03-01,2025-02-22,-1,bc,pct wk flu lab det,quantile,0.5,34.1
2025-03-01,2025-02-22,-1,bc,pct wk flu lab det,quantile,0.75,36.1
2025-03-01,2025-02-22,-1,bc,pct wk flu lab det,quantile,0.9,37.8
2025-03-01,2025-02-22,-1,bc,pct wk flu lab det,quantile,0.975,39.7
2025-03-01,2025-03-01,0,bc,pct wk flu lab det,quantile,0.025,32.9
2025-03-01,2025-03-01,0,bc,pct wk flu lab det,quantile,0.1,35.7
2025-03-01,2025-03-01,0,bc,pct wk flu lab det,quantile,0.25,37.8
2025-03-01,2025-03-01,0,bc,pct wk flu lab det,quantile,0.5,40.1
2025-03-01,2025-03-01,0,bc,pct wk flu lab det,quantile,0.75,42.4
2025-03-01,2025-03-01,0,bc,pct wk flu lab det,quantile,0.9,44.6
2025-03-01,2025-03-01,0,bc,pct wk flu lab det,quantile,0.975,47
2025-03-01,2025-03-08,1,bc,pct wk flu lab det,quantile,0.025,35
2025-03-01,2025-03-08,1,bc,pct wk flu lab det,quantile,0.1,39.1
2025-03-01,2025-03-08,1,bc,pct wk flu lab det,quantile,0.25,42.2
2025-03-01,2025-03-08,1,bc,pct wk flu lab det,quantile,0.5,45.4
2025-03-01,2025-03-08,1,bc,pct wk flu lab det,quantile,0.75,48.4
2025-03-01,2025-03-08,1,bc,pct wk flu lab det,quantile,0.9,51.2
2025-03-01,2025-03-08,1,bc,pct wk flu lab det,quantile,0.975,54.4
2025-03-01,2025-03-15,2,bc,pct wk flu lab det,quantile,0.025,36.3
2025-03-01,2025-03-15,2,bc,pct wk flu lab det,quantile,0.1,42.4
2025-03-01,2025-03-15,2,bc,pct wk flu lab det,quantile,0.25,46.8
2025-03-01,2025-03-15,2,bc,pct wk flu lab det,quantile,0.5,51.1
2025-03-01,2025-03-15,2,bc,pct wk flu lab det,quantile,0.75,55
2025-03-01,2025-03-15,2,bc,pct wk flu lab det,quantile,0.9,58.5
2025-03-01,2025-03-15,2,bc,pct wk flu lab det,quantile,0.975,62
2025-03-01,2025-03-22,3,bc,pct wk flu lab det,quantile,0.025,37.7
2025-03-01,2025-03-22,3,bc,pct wk flu lab det,quantile,0.1,45.8
2025-03-01,2025-03-22,3,bc,pct wk flu lab det,quantile,0.25,52
2025-03-01,2025-03-22,3,bc,pct wk flu lab det,quantile,0.5,57.7
2025-03-01,2025-03-22,3,bc,pct wk flu lab det,quantile,0.75,62.8
2025-03-01,2025-03-22,3,bc,pct wk flu lab det,quantile,0.9,67.8
2025-03-01,2025-03-22,3,bc,pct wk flu lab det,quantile,0.975,73.3
2025-03-01,2025-02-22,-1,prairies,pct wk flu lab det,quantile,0.025,18.9
2025-03-01,2025-02-22,-1,prairies,pct wk flu lab det,quantile,0.1,20.5
2025-03-01,2025-02-22,-1,prairies,pct wk flu lab det,quantile,0.25,21.9
2025-03-01,2025-02-22,-1,prairies,pct wk flu lab det,quantile,0.5,23.4
2025-03-01,2025-02-22,-1,prairies,pct wk flu lab det,quantile,0.75,24.9
2025-03-01,2025-02-22,-1,prairies,pct wk flu lab det,quantile,0.9,26.3
2025-03-01,2025-02-22,-1,prairies,pct wk flu lab det,quantile,0.975,27.7
2025-03-01,2025-03-01,0,prairies,pct wk flu lab det,quantile,0.025,21.1
2025-03-01,2025-03-01,0,prairies,pct wk flu lab det,quantile,0.1,22.8
2025-03-01,2025-03-01,0,prairies,pct wk flu lab det,quantile,0.25,24.1
2025-03-01,2025-03-01,0,prairies,pct wk flu lab det,quantile,0.5,25.7
2025-03-01,2025-03-01,0,prairies,pct wk flu lab det,quantile,0.75,27.3
2025-03-01,2025-03-01,0,prairies,pct wk flu lab det,quantile,0.9,28.7
2025-03-01,2025-03-01,0,prairies,pct wk flu lab det,quantile,0.975,30.4
2025-03-01,2025-03-08,1,prairies,pct wk flu lab det,quantile,0.025,23.1
2025-03-01,2025-03-08,1,prairies,pct wk flu lab det,quantile,0.1,25.3
2025-03-01,2025-03-08,1,prairies,pct wk flu lab det,quantile,0.25,27.2
2025-03-01,2025-03-08,1,prairies,pct wk flu lab det,quantile,0.5,29
2025-03-01,2025-03-08,1,prairies,pct wk flu lab det,quantile,0.75,30.9
2025-03-01,2025-03-08,1,prairies,pct wk flu lab det,quantile,0.9,32.7
2025-03-01,2025-03-08,1,prairies,pct wk flu lab det,quantile,0.975,34.5
2025-03-01,2025-03-15,2,prairies,pct wk flu lab det,quantile,0.025,24.5
2025-03-01,2025-03-15,2,prairies,pct wk flu lab det,quantile,0.1,27.8
2025-03-01,2025-03-15,2,prairies,pct wk flu lab det,quantile,0.25,30.3
2025-03-01,2025-03-15,2,prairies,pct wk flu lab det,quantile,0.5,32.9
2025-03-01,2025-03-15,2,prairies,pct wk flu lab det,quantile,0.75,35.5
2025-03-01,2025-03-15,2,prairies,pct wk flu lab det,quantile,0.9,37.7
2025-03-01,2025-03-15,2,prairies,pct wk flu lab det,quantile,0.975,40.2
2025-03-01,2025-03-22,3,prairies,pct wk flu lab det,quantile,0.025,25.5
2025-03-01,2025-03-22,3,prairies,pct wk flu lab det,quantile,0.1,30.2
2025-03-01,2025-03-22,3,prairies,pct wk flu lab det,quantile,0.25,33.7
2025-03-01,2025-03-22,3,prairies,pct wk flu lab det,quantile,0.5,37.2
2025-03-01,2025-03-22,3,prairies,pct wk flu lab det,quantile,0.75,40.7
2025-03-01,2025-03-22,3,prairies,pct wk flu lab det,quantile,0.9,43.8
2025-03-01,2025-03-22,3,prairies,pct wk flu lab det,quantile,0.975,47.3
2025-03-01,2025-02-22,-1,ab,pct wk flu lab det,quantile,0.025,13.8
2025-03-01,2025-02-22,-1,ab,pct wk flu lab det,quantile,0.1,15.1
2025-03-01,2025-02-22,-1,ab,pct wk flu lab det,quantile,0.25,16.3
2025-03-01,2025-02-22,-1,ab,pct wk flu lab det,quantile,0.5,17.6
2025-03-01,2025-02-22,-1,ab,pct wk flu lab det,quantile,0.75,19
2025-03-01,2025-02-22,-1,ab,pct wk flu lab det,quantile,0.9,20.1
2025-03-01,2025-02-22,-1,ab,pct wk flu lab det,quantile,0.975,21.5
2025-03-01,2025-03-01,0,ab,pct wk flu lab det,quantile,0.025,16.1
2025-03-01,2025-03-01,0,ab,pct wk flu lab det,quantile,0.1,17.8
2025-03-01,2025-03-01,0,ab,pct wk flu lab det,quantile,0.25,19.2
2025-03-01,2025-03-01,0,ab,pct wk flu lab det,quantile,0.5,20.7
2025-03-01,2025-03-01,0,ab,pct wk flu lab det,quantile,0.75,22.1
2025-03-01,2025-03-01,0,ab,pct wk flu lab det,quantile,0.9,23.5
2025-03-01,2025-03-01,0,ab,pct wk flu lab det,quantile,0.975,25.1
2025-03-01,2025-03-08,1,ab,pct wk flu lab det,quantile,0.025,17.1
2025-03-01,2025-03-08,1,ab,pct wk flu lab det,quantile,0.1,19.6
2025-03-01,2025-03-08,1,ab,pct wk flu lab det,quantile,0.25,21.5
2025-03-01,2025-03-08,1,ab,pct wk flu lab det,quantile,0.5,23.4
2025-03-01,2025-03-08,1,ab,pct wk flu lab det,quantile,0.75,25.1
2025-03-01,2025-03-08,1,ab,pct wk flu lab det,quantile,0.9,26.7
2025-03-01,2025-03-08,1,ab,pct wk flu lab det,quantile,0.975,28.5
2025-03-01,2025-03-15,2,ab,pct wk flu lab det,quantile,0.025,17.9
2025-03-01,2025-03-15,2,ab,pct wk flu lab det,quantile,0.1,21.4
2025-03-01,2025-03-15,2,ab,pct wk flu lab det,quantile,0.25,23.8
2025-03-01,2025-03-15,2,ab,pct wk flu lab det,quantile,0.5,26.3
2025-03-01,2025-03-15,2,ab,pct wk flu lab det,quantile,0.75,28.5
2025-03-01,2025-03-15,2,ab,pct wk flu lab det,quantile,0.9,30.5
2025-03-01,2025-03-15,2,ab,pct wk flu lab det,quantile,0.975,32.5
2025-03-01,2025-03-22,3,ab,pct wk flu lab det,quantile,0.025,18.5
2025-03-01,2025-03-22,3,ab,pct wk flu lab det,quantile,0.1,23.1
2025-03-01,2025-03-22,3,ab,pct wk flu lab det,quantile,0.25,26.3
2025-03-01,2025-03-22,3,ab,pct wk flu lab det,quantile,0.5,29.7
2025-03-01,2025-03-22,3,ab,pct wk flu lab det,quantile,0.75,32.6
2025-03-01,2025-03-22,3,ab,pct wk flu lab det,quantile,0.9,35.3
2025-03-01,2025-03-22,3,ab,pct wk flu lab det,quantile,0.975,38.2
2025-03-01,2025-02-22,-1,sk,pct wk flu lab det,quantile,0.025,22.6
2025-03-01,2025-02-22,-1,sk,pct wk flu lab det,quantile,0.1,24.9
2025-03-01,2025-02-22,-1,sk,pct wk flu lab det,quantile,0.25,26.7
2025-03-01,2025-02-22,-1,sk,pct wk flu lab det,quantile,0.5,28.7
2025-03-01,2025-02-22,-1,sk,pct wk flu lab det,quantile,0.75,30.8
2025-03-01,2025-02-22,-1,sk,pct wk flu lab det,quantile,0.9,32.6
2025-03-01,2025-02-22,-1,sk,pct wk flu lab det,quantile,0.975,34.5
2025-03-01,2025-03-01,0,sk,pct wk flu lab det,quantile,0.025,24.1
2025-03-01,2025-03-01,0,sk,pct wk flu lab det,quantile,0.1,26.3
2025-03-01,2025-03-01,0,sk,pct wk flu lab det,quantile,0.25,28.1
2025-03-01,2025-03-01,0,sk,pct wk flu lab det,quantile,0.5,30.1
2025-03-01,2025-03-01,0,sk,pct wk flu lab det,quantile,0.75,32.1
2025-03-01,2025-03-01,0,sk,pct wk flu lab det,quantile,0.9,33.9
2025-03-01,2025-03-01,0,sk,pct wk flu lab det,quantile,0.975,36.1
2025-03-01,2025-03-08,1,sk,pct wk flu lab det,quantile,0.025,27.2
2025-03-01,2025-03-08,1,sk,pct wk flu lab det,quantile,0.1,29.7
2025-03-01,2025-03-08,1,sk,pct wk flu lab det,quantile,0.25,31.9
2025-03-01,2025-03-08,1,sk,pct wk flu lab det,quantile,0.5,34.1
2025-03-01,2025-03-08,1,sk,pct wk flu lab det,quantile,0.75,36.5
2025-03-01,2025-03-08,1,sk,pct wk flu lab det,quantile,0.9,38.6
2025-03-01,2025-03-08,1,sk,pct wk flu lab det,quantile,0.975,41.1
2025-03-01,2025-03-15,2,sk,pct wk flu lab det,quantile,0.025,29.5
2025-03-01,2025-03-15,2,sk,pct wk flu lab det,quantile,0.1,32.9
2025-03-01,2025-03-15,2,sk,pct wk flu lab det,quantile,0.25,35.8
2025-03-01,2025-03-15,2,sk,pct wk flu lab det,quantile,0.5,39
2025-03-01,2025-03-15,2,sk,pct wk flu lab det,quantile,0.75,41.9
2025-03-01,2025-03-15,2,sk,pct wk flu lab det,quantile,0.9,44.9
2025-03-01,2025-03-15,2,sk,pct wk flu lab det,quantile,0.975,48.3
2025-03-01,2025-03-22,3,sk,pct wk flu lab det,quantile,0.025,30.7
2025-03-01,2025-03-22,3,sk,pct wk flu lab det,quantile,0.1,35.8
2025-03-01,2025-03-22,3,sk,pct wk flu lab det,quantile,0.25,39.8
2025-03-01,2025-03-22,3,sk,pct wk flu lab det,quantile,0.5,44
2025-03-01,2025-03-22,3,sk,pct wk flu lab det,quantile,0.75,48
2025-03-01,2025-03-22,3,sk,pct wk flu lab det,quantile,0.9,51.7
2025-03-01,2025-03-22,3,sk,pct wk flu lab det,quantile,0.975,56
2025-03-01,2025-02-22,-1,mb,pct wk flu lab det,quantile,0.025,29.3
2025-03-01,2025-02-22,-1,mb,pct wk flu lab det,quantile,0.1,32.5
2025-03-01,2025-02-22,-1,mb,pct wk flu lab det,quantile,0.25,35.5
2025-03-01,2025-02-22,-1,mb,pct wk flu lab det,quantile,0.5,38.7
2025-03-01,2025-02-22,-1,mb,pct wk flu lab det,quantile,0.75,41.9
2025-03-01,2025-02-22,-1,mb,pct wk flu lab det,quantile,0.9,44.6
2025-03-01,2025-02-22,-1,mb,pct wk flu lab det,quantile,0.975,47.5
2025-03-01,2025-03-01,0,mb,pct wk flu lab det,quantile,0.025,29.6
2025-03-01,2025-03-01,0,mb,pct wk flu lab det,quantile,0.1,33.2
2025-03-01,2025-03-01,0,mb,pct wk flu lab det,quantile,0.25,36.3
2025-03-01,2025-03-01,0,mb,pct wk flu lab det,quantile,0.5,39.5
2025-03-01,2025-03-01,0,mb,pct wk flu lab det,quantile,0.75,42.6
2025-03-01,2025-03-01,0,mb,pct wk flu lab det,quantile,0.9,45.6
2025-03-01,2025-03-01,0,mb,pct wk flu lab det,quantile,0.975,49.4
2025-03-01,2025-03-08,1,mb,pct wk flu lab det,quantile,0.025,34.1
2025-03-01,2025-03-08,1,mb,pct wk flu lab det,quantile,0.1,38.1
2025-03-01,2025-03-08,1,mb,pct wk flu lab det,quantile,0.25,41.3
2025-03-01,2025-03-08,1,mb,pct wk flu lab det,quantile,0.5,44.7
2025-03-01,2025-03-08,1,mb,pct wk flu lab det,quantile,0.75,48.3
2025-03-01,2025-03-08,1,mb,pct wk flu lab det,quantile,0.9,51.5
2025-03-01,2025-03-08,1,mb,pct wk flu lab det,quantile,0.975,55.6
2025-03-01,2025-03-15,2,mb,pct wk flu lab det,quantile,0.025,37.4
2025-03-01,2025-03-15,2,mb,pct wk flu lab det,quantile,0.1,42.2
2025-03-01,2025-03-15,2,mb,pct wk flu lab det,quantile,0.25,46.5
2025-03-01,2025-03-15,2,mb,pct wk flu lab det,quantile,0.5,51.1
2025-03-01,2025-03-15,2,mb,pct wk flu lab det,quantile,0.75,55.7
2025-03-01,2025-03-15,2,mb,pct wk flu lab det,quantile,0.9,60.2
2025-03-01,2025-03-15,2,mb,pct wk flu lab det,quantile,0.975,65
2025-03-01,2025-03-22,3,mb,pct wk flu lab det,quantile,0.025,40.6
2025-03-01,2025-03-22,3,mb,pct wk flu lab det,quantile,0.1,46.8
2025-03-01,2025-03-22,3,mb,pct wk flu lab det,quantile,0.25,52.3
2025-03-01,2025-03-22,3,mb,pct wk flu lab det,quantile,0.5,58.1
2025-03-01,2025-03-22,3,mb,pct wk flu lab det,quantile,0.75,63.8
2025-03-01,2025-03-22,3,mb,pct wk flu lab det,quantile,0.9,69.2
2025-03-01,2025-03-22,3,mb,pct wk flu lab det,quantile,0.975,76
2025-03-01,2025-02-22,-1,on,pct wk flu lab det,quantile,0.025,14.1
2025-03-01,2025-02-22,-1,on,pct wk flu lab det,quantile,0.1,15.6
2025-03-01,2025-02-22,-1,on,pct wk flu lab det,quantile,0.25,16.9
2025-03-01,2025-02-22,-1,on,pct wk flu lab det,quantile,0.5,18.5
2025-03-01,2025-02-22,-1,on,pct wk flu lab det,quantile,0.75,19.9
2025-03-01,2025-02-22,-1,on,pct wk flu lab det,quantile,0.9,21.3
2025-03-01,2025-02-22,-1,on,pct wk flu lab det,quantile,0.975,22.7
2025-03-01,2025-03-01,0,on,pct wk flu lab det,quantile,0.025,17.4
2025-03-01,2025-03-01,0,on,pct wk flu lab det,quantile,0.1,19.7
2025-03-01,2025-03-01,0,on,pct wk flu lab det,quantile,0.25,21.7
2025-03-01,2025-03-01,0,on,pct wk flu lab det,quantile,0.5,23.9
2025-03-01,2025-03-01,0,on,pct wk flu lab det,quantile,0.75,26
2025-03-01,2025-03-01,0,on,pct wk flu lab det,quantile,0.9,28
2025-03-01,2025-03-01,0,on,pct wk flu lab det,quantile,0.975,30.4
2025-03-01,2025-03-08,1,on,pct wk flu lab det,quantile,0.025,17.4
2025-03-01,2025-03-08,1,on,pct wk flu lab det,quantile,0.1,21.1
2025-03-01,2025-03-08,1,on,pct wk flu lab det,quantile,0.25,23.8
2025-03-01,2025-03-08,1,on,pct wk flu lab det,quantile,0.5,26.6
2025-03-01,2025-03-08,1,on,pct wk flu lab det,quantile,0.75,29.1
2025-03-01,2025-03-08,1,on,pct wk flu lab det,quantile,0.9,31.5
2025-03-01,2025-03-08,1,on,pct wk flu lab det,quantile,0.975,34.5
2025-03-01,2025-03-15,2,on,pct wk flu lab det,quantile,0.025,17.7
2025-03-01,2025-03-15,2,on,pct wk flu lab det,quantile,0.1,22.7
2025-03-01,2025-03-15,2,on,pct wk flu lab det,quantile,0.25,26.2
2025-03-01,2025-03-15,2,on,pct wk flu lab det,quantile,0.5,29.6
2025-03-01,2025-03-15,2,on,pct wk flu lab det,quantile,0.75,32.6
2025-03-01,2025-03-15,2,on,pct wk flu lab det,quantile,0.9,34.9
2025-03-01,2025-03-15,2,on,pct wk flu lab det,quantile,0.975,37.8
2025-03-01,2025-03-22,3,on,pct wk flu lab det,quantile,0.025,17.8
2025-03-01,2025-03-22,3,on,pct wk flu lab det,quantile,0.1,24.7
2025-03-01,2025-03-22,3,on,pct wk flu lab det,quantile,0.25,29.2
2025-03-01,2025-03-22,3,on,pct wk flu lab det,quantile,0.5,33.6
2025-03-01,2025-03-22,3,on,pct wk flu lab det,quantile,0.75,37.4
2025-03-01,2025-03-22,3,on,pct wk flu lab det,quantile,0.9,40.5
2025-03-01,2025-03-22,3,on,pct wk flu lab det,quantile,0.975,44.3
2025-03-01,2025-02-22,-1,qc,pct wk flu lab det,quantile,0.025,25.4
2025-03-01,2025-02-22,-1,qc,pct wk flu lab det,quantile,0.1,28.2
2025-03-01,2025-02-22,-1,qc,pct wk flu lab det,quantile,0.25,30.5
2025-03-01,2025-02-22,-1,qc,pct wk flu lab det,quantile,0.5,33
2025-03-01,2025-02-22,-1,qc,pct wk flu lab det,quantile,0.75,35.6
2025-03-01,2025-02-22,-1,qc,pct wk flu lab det,quantile,0.9,37.9
2025-03-01,2025-02-22,-1,qc,pct wk flu lab det,quantile,0.975,40.6
2025-03-01,2025-03-01,0,qc,pct wk flu lab det,quantile,0.025,31.5
2025-03-01,2025-03-01,0,qc,pct wk flu lab det,quantile,0.1,35
2025-03-01,2025-03-01,0,qc,pct wk flu lab det,quantile,0.25,38.1
2025-03-01,2025-03-01,0,qc,pct wk flu lab det,quantile,0.5,41.2
2025-03-01,2025-03-01,0,qc,pct wk flu lab det,quantile,0.75,44.3
2025-03-01,2025-03-01,0,qc,pct wk flu lab det,quantile,0.9,47.2
2025-03-01,2025-03-01,0,qc,pct wk flu lab det,quantile,0.975,50.7
2025-03-01,2025-03-08,1,qc,pct wk flu lab det,quantile,0.025,32.3
2025-03-01,2025-03-08,1,qc,pct wk flu lab det,quantile,0.1,37.9
2025-03-01,2025-03-08,1,qc,pct wk flu lab det,quantile,0.25,42
2025-03-01,2025-03-08,1,qc,pct wk flu lab det,quantile,0.5,46.4
2025-03-01,2025-03-08,1,qc,pct wk flu lab det,quantile,0.75,50.5
2025-03-01,2025-03-08,1,qc,pct wk flu lab det,quantile,0.9,53.9
2025-03-01,2025-03-08,1,qc,pct wk flu lab det,quantile,0.975,58.1
2025-03-01,2025-03-15,2,qc,pct wk flu lab det,quantile,0.025,33.1
2025-03-01,2025-03-15,2,qc,pct wk flu lab det,quantile,0.1,41.1
2025-03-01,2025-03-15,2,qc,pct wk flu lab det,quantile,0.25,46.4
2025-03-01,2025-03-15,2,qc,pct wk flu lab det,quantile,0.5,51.7
2025-03-01,2025-03-15,2,qc,pct wk flu lab det,quantile,0.75,56.6
2025-03-01,2025-03-15,2,qc,pct wk flu lab det,quantile,0.9,60.9
2025-03-01,2025-03-15,2,qc,pct wk flu lab det,quantile,0.975,65.1
2025-03-01,2025-03-22,3,qc,pct wk flu lab det,quantile,0.025,34.4
2025-03-01,2025-03-22,3,qc,pct wk flu lab det,quantile,0.1,44.6
2025-03-01,2025-03-22,3,qc,pct wk flu lab det,quantile,0.25,51.8
2025-03-01,2025-03-22,3,qc,pct wk flu lab det,quantile,0.5,58.6
2025-03-01,2025-03-22,3,qc,pct wk flu lab det,quantile,0.75,65
2025-03-01,2025-03-22,3,qc,pct wk flu lab det,quantile,0.9,70.4
2025-03-01,2025-03-22,3,qc,pct wk flu lab det,quantile,0.975,76.7
2025-03-01,2025-02-22,-1,atlantic,pct wk flu lab det,quantile,0.025,20.7
2025-03-01,2025-02-22,-1,atlantic,pct wk flu lab det,quantile,0.1,22.5
2025-03-01,2025-02-22,-1,atlantic,pct wk flu lab det,quantile,0.25,24.1
2025-03-01,2025-02-22,-1,atlantic,pct wk flu lab det,quantile,0.5,25.9
2025-03-01,2025-02-22,-1,atlantic,pct wk flu lab det,quantile,0.75,27.7
2025-03-01,2025-02-22,-1,atlantic,pct wk flu lab det,quantile,0.9,29.2
2025-03-01,2025-02-22,-1,atlantic,pct wk flu lab det,quantile,0.975,31
2025-03-01,2025-03-01,0,atlantic,pct wk flu lab det,quantile,0.025,23.2
2025-03-01,2025-03-01,0,atlantic,pct wk flu lab det,quantile,0.1,25.2
2025-03-01,2025-03-01,0,atlantic,pct wk flu lab det,quantile,0.25,26.8
2025-03-01,2025-03-01,0,atlantic,pct wk flu lab det,quantile,0.5,28.5
2025-03-01,2025-03-01,0,atlantic,pct wk flu lab det,quantile,0.75,30.3
2025-03-01,2025-03-01,0,atlantic,pct wk flu lab det,quantile,0.9,31.9
2025-03-01,2025-03-01,0,atlantic,pct wk flu lab det,quantile,0.975,33.9
2025-03-01,2025-03-08,1,atlantic,pct wk flu lab det,quantile,0.025,26
2025-03-01,2025-03-08,1,atlantic,pct wk flu lab det,quantile,0.1,28.5
2025-03-01,2025-03-08,1,atlantic,pct wk flu lab det,quantile,0.25,30.6
2025-03-01,2025-03-08,1,atlantic,pct wk flu lab det,quantile,0.5,32.8
2025-03-01,2025-03-08,1,atlantic,pct wk flu lab det,quantile,0.75,35.1
2025-03-01,2025-03-08,1,atlantic,pct wk flu lab det,quantile,0.9,37
2025-03-01,2025-03-08,1,atlantic,pct wk flu lab det,quantile,0.975,39.6
2025-03-01,2025-03-15,2,atlantic,pct wk flu lab det,quantile,0.025,27.8
2025-03-01,2025-03-15,2,atlantic,pct wk flu lab det,quantile,0.1,31.4
2025-03-01,2025-03-15,2,atlantic,pct wk flu lab det,quantile,0.25,34.3
2025-03-01,2025-03-15,2,atlantic,pct wk flu lab det,quantile,0.5,37.1
2025-03-01,2025-03-15,2,atlantic,pct wk flu lab det,quantile,0.75,40.1
2025-03-01,2025-03-15,2,atlantic,pct wk flu lab det,quantile,0.9,42.6
2025-03-01,2025-03-15,2,atlantic,pct wk flu lab det,quantile,0.975,46
2025-03-01,2025-03-22,3,atlantic,pct wk flu lab det,quantile,0.025,29
2025-03-01,2025-03-22,3,atlantic,pct wk flu lab det,quantile,0.1,34.2
2025-03-01,2025-03-22,3,atlantic,pct wk flu lab det,quantile,0.25,38.1
2025-03-01,2025-03-22,3,atlantic,pct wk flu lab det,quantile,0.5,41.9
2025-03-01,2025-03-22,3,atlantic,pct wk flu lab det,quantile,0.75,45.5
2025-03-01,2025-03-22,3,atlantic,pct wk flu lab det,quantile,0.9,48.8
2025-03-01,2025-03-22,3,atlantic,pct wk flu lab det,quantile,0.975,53.3
2025-03-01,2025-02-22,-1,nb,pct wk flu lab det,quantile,0.025,19
2025-03-01,2025-02-22,-1,nb,pct wk flu lab det,quantile,0.1,20.8
2025-03-01,2025-02-22,-1,nb,pct wk flu lab det,quantile,0.25,22.3
2025-03-01,2025-02-22,-1,nb,pct wk flu lab det,quantile,0.5,24
2025-03-01,2025-02-22,-1,nb,pct wk flu lab det,quantile,0.75,25.8
2025-03-01,2025-02-22,-1,nb,pct wk flu lab det,quantile,0.9,27.3
2025-03-01,2025-02-22,-1,nb,pct wk flu lab det,quantile,0.975,29.2
2025-03-01,2025-03-01,0,nb,pct wk flu lab det,quantile,0.025,23
2025-03-01,2025-03-01,0,nb,pct wk flu lab det,quantile,0.1,25.2
2025-03-01,2025-03-01,0,nb,pct wk flu lab det,quantile,0.25,27.1
2025-03-01,2025-03-01,0,nb,pct wk flu lab det,quantile,0.5,29
2025-03-01,2025-03-01,0,nb,pct wk flu lab det,quantile,0.75,30.9
2025-03-01,2025-03-01,0,nb,pct wk flu lab det,quantile,0.9,32.8
2025-03-01,2025-03-01,0,nb,pct wk flu lab det,quantile,0.975,34.8
2025-03-01,2025-03-08,1,nb,pct wk flu lab det,quantile,0.025,24.7
2025-03-01,2025-03-08,1,nb,pct wk flu lab det,quantile,0.1,28.1
2025-03-01,2025-03-08,1,nb,pct wk flu lab det,quantile,0.25,30.7
2025-03-01,2025-03-08,1,nb,pct wk flu lab det,quantile,0.5,33.3
2025-03-01,2025-03-08,1,nb,pct wk flu lab det,quantile,0.75,35.8
2025-03-01,2025-03-08,1,nb,pct wk flu lab det,quantile,0.9,38.2
2025-03-01,2025-03-08,1,nb,pct wk flu lab det,quantile,0.975,41.2
2025-03-01,2025-03-15,2,nb,pct wk flu lab det,quantile,0.025,25.8
2025-03-01,2025-03-15,2,nb,pct wk flu lab det,quantile,0.1,30.4
2025-03-01,2025-03-15,2,nb,pct wk flu lab det,quantile,0.25,33.9
2025-03-01,2025-03-15,2,nb,pct wk flu lab det,quantile,0.5,37.4
2025-03-01,2025-03-15,2,nb,pct wk flu lab det,quantile,0.75,40.5
2025-03-01,2025-03-15,2,nb,pct wk flu lab det,quantile,0.9,43.4
2025-03-01,2025-03-15,2,nb,pct wk flu lab det,quantile,0.975,46.3
2025-03-01,2025-03-22,3,nb,pct wk flu lab det,quantile,0.025,26.8
2025-03-01,2025-03-22,3,nb,pct wk flu lab det,quantile,0.1,33.1
2025-03-01,2025-03-22,3,nb,pct wk flu lab det,quantile,0.25,37.6
2025-03-01,2025-03-22,3,nb,pct wk flu lab det,quantile,0.5,42
2025-03-01,2025-03-22,3,nb,pct wk flu lab det,quantile,0.75,46
2025-03-01,2025-03-22,3,nb,pct wk flu lab det,quantile,0.9,49.6
2025-03-01,2025-03-22,3,nb,pct wk flu lab det,quantile,0.975,53.9
2025-03-01,2025-02-22,-1,ns,pct wk flu lab det,quantile,0.025,21.3
2025-03-01,2025-02-22,-1,ns,pct wk flu lab det,quantile,0.1,23.6
2025-03-01,2025-02-22,-1,ns,pct wk flu lab det,quantile,0.25,25.5
2025-03-01,2025-02-22,-1,ns,pct wk flu lab det,quantile,0.5,27.7
2025-03-01,2025-02-22,-1,ns,pct wk flu lab det,quantile,0.75,29.8
2025-03-01,2025-02-22,-1,ns,pct wk flu lab det,quantile,0.9,31.9
2025-03-01,2025-02-22,-1,ns,pct wk flu lab det,quantile,0.975,34
2025-03-01,2025-03-01,0,ns,pct wk flu lab det,quantile,0.025,22.2
2025-03-01,2025-03-01,0,ns,pct wk flu lab det,quantile,0.1,24.4
2025-03-01,2025-03-01,0,ns,pct wk flu lab det,quantile,0.25,26.4
2025-03-01,2025-03-01,0,ns,pct wk flu lab det,quantile,0.5,28.5
2025-03-01,2025-03-01,0,ns,pct wk flu lab det,quantile,0.75,30.6
2025-03-01,2025-03-01,0,ns,pct wk flu lab det,quantile,0.9,32.5
2025-03-01,2025-03-01,0,ns,pct wk flu lab det,quantile,0.975,35
2025-03-01,2025-03-08,1,ns,pct wk flu lab det,quantile,0.025,25.6
2025-03-01,2025-03-08,1,ns,pct wk flu lab det,quantile,0.1,28.2
2025-03-01,2025-03-08,1,ns,pct wk flu lab det,quantile,0.25,30.4
2025-03-01,2025-03-08,1,ns,pct wk flu lab det,quantile,0.5,32.8
2025-03-01,2025-03-08,1,ns,pct wk flu lab det,quantile,0.75,35.4
2025-03-01,2025-03-08,1,ns,pct wk flu lab det,quantile,0.9,37.6
2025-03-01,2025-03-08,1,ns,pct wk flu lab det,quantile,0.975,40.5
2025-03-01,2025-03-15,2,ns,pct wk flu lab det,quantile,0.025,28.3
2025-03-01,2025-03-15,2,ns,pct wk flu lab det,quantile,0.1,31.7
2025-03-01,2025-03-15,2,ns,pct wk flu lab det,quantile,0.25,34.5
2025-03-01,2025-03-15,2,ns,pct wk flu lab det,quantile,0.5,37.6
2025-03-01,2025-03-15,2,ns,pct wk flu lab det,quantile,0.75,40.8
2025-03-01,2025-03-15,2,ns,pct wk flu lab det,quantile,0.9,43.6
2025-03-01,2025-03-15,2,ns,pct wk flu lab det,quantile,0.975,47
2025-03-01,2025-03-22,3,ns,pct wk flu lab det,quantile,0.025,30.1
2025-03-01,2025-03-22,3,ns,pct wk flu lab det,quantile,0.1,34.5
2025-03-01,2025-03-22,3,ns,pct wk flu lab det,quantile,0.25,38.5
2025-03-01,2025-03-22,3,ns,pct wk flu lab det,quantile,0.5,42.3
2025-03-01,2025-03-22,3,ns,pct wk flu lab det,quantile,0.75,46.2
2025-03-01,2025-03-22,3,ns,pct wk flu lab det,quantile,0.9,49.7
2025-03-01,2025-03-22,3,ns,pct wk flu lab det,quantile,0.975,53.7
2025-03-01,2025-02-22,-1,pe,pct wk flu lab det,quantile,0.025,28.2
2025-03-01,2025-02-22,-1,pe,pct wk flu lab det,quantile,0.1,31.5
2025-03-01,2025-02-22,-1,pe,pct wk flu lab det,quantile,0.25,34.3
2025-03-01,2025-02-22,-1,pe,pct wk flu lab det,quantile,0.5,37.5
2025-03-01,2025-02-22,-1,pe,pct wk flu lab det,quantile,0.75,40.8
2025-03-01,2025-02-22,-1,pe,pct wk flu lab det,quantile,0.9,43.7
2025-03-01,2025-02-22,-1,pe,pct wk flu lab det,quantile,0.975,47.4
2025-03-01,2025-03-01,0,pe,pct wk flu lab det,quantile,0.025,33.3
2025-03-01,2025-03-01,0,pe,pct wk flu lab det,quantile,0.1,36.9
2025-03-01,2025-03-01,0,pe,pct wk flu lab det,quantile,0.25,39.9
2025-03-01,2025-03-01,0,pe,pct wk flu lab det,quantile,0.5,43.2
2025-03-01,2025-03-01,0,pe,pct wk flu lab det,quantile,0.75,46.6
2025-03-01,2025-03-01,0,pe,pct wk flu lab det,quantile,0.9,49.6
2025-03-01,2025-03-01,0,pe,pct wk flu lab det,quantile,0.975,53.1
2025-03-01,2025-03-08,1,pe,pct wk flu lab det,quantile,0.025,36.1
2025-03-01,2025-03-08,1,pe,pct wk flu lab det,quantile,0.1,40.7
2025-03-01,2025-03-08,1,pe,pct wk flu lab det,quantile,0.25,44.8
2025-03-01,2025-03-08,1,pe,pct wk flu lab det,quantile,0.5,49
2025-03-01,2025-03-08,1,pe,pct wk flu lab det,quantile,0.75,53.2
2025-03-01,2025-03-08,1,pe,pct wk flu lab det,quantile,0.9,56.8
2025-03-01,2025-03-08,1,pe,pct wk flu lab det,quantile,0.975,60.6
2025-03-01,2025-03-15,2,pe,pct wk flu lab det,quantile,0.025,37.9
2025-03-01,2025-03-15,2,pe,pct wk flu lab det,quantile,0.1,44.4
2025-03-01,2025-03-15,2,pe,pct wk flu lab det,quantile,0.25,49.9
2025-03-01,2025-03-15,2,pe,pct wk flu lab det,quantile,0.5,55.2
2025-03-01,2025-03-15,2,pe,pct wk flu lab det,quantile,0.75,60.4
2025-03-01,2025-03-15,2,pe,pct wk flu lab det,quantile,0.9,64.7
2025-03-01,2025-03-15,2,pe,pct wk flu lab det,quantile,0.975,69.3
2025-03-01,2025-03-22,3,pe,pct wk flu lab det,quantile,0.025,39.3
2025-03-01,2025-03-22,3,pe,pct wk flu lab det,quantile,0.1,48.6
2025-03-01,2025-03-22,3,pe,pct wk flu lab det,quantile,0.25,55.7
2025-03-01,2025-03-22,3,pe,pct wk flu lab det,quantile,0.5,62.4
2025-03-01,2025-03-22,3,pe,pct wk flu lab det,quantile,0.75,69.3
2025-03-01,2025-03-22,3,pe,pct wk flu lab det,quantile,0.9,75
2025-03-01,2025-03-22,3,pe,pct wk flu lab det,quantile,0.975,80.9
2025-03-01,2025-02-22,-1,nl,pct wk flu lab det,quantile,0.025,12.8
2025-03-01,2025-02-22,-1,nl,pct wk flu lab det,quantile,0.1,14.4
2025-03-01,2025-02-22,-1,nl,pct wk flu lab det,quantile,0.25,15.8
2025-03-01,2025-02-22,-1,nl,pct wk flu lab det,quantile,0.5,17.4
2025-03-01,2025-02-22,-1,nl,pct wk flu lab det,quantile,0.75,19
2025-03-01,2025-02-22,-1,nl,pct wk flu lab det,quantile,0.9,20.4
2025-03-01,2025-02-22,-1,nl,pct wk flu lab det,quantile,0.975,22
2025-03-01,2025-03-01,0,nl,pct wk flu lab det,quantile,0.025,12.7
2025-03-01,2025-03-01,0,nl,pct wk flu lab det,quantile,0.1,14.3
2025-03-01,2025-03-01,0,nl,pct wk flu lab det,quantile,0.25,15.7
2025-03-01,2025-03-01,0,nl,pct wk flu lab det,quantile,0.5,17.3
2025-03-01,2025-03-01,0,nl,pct wk flu lab det,quantile,0.75,18.9
2025-03-01,2025-03-01,0,nl,pct wk flu lab det,quantile,0.9,20.4
2025-03-01,2025-03-01,0,nl,pct wk flu lab det,quantile,0.975,22.2
2025-03-01,2025-03-08,1,nl,pct wk flu lab det,quantile,0.025,15
2025-03-01,2025-03-08,1,nl,pct wk flu lab det,quantile,0.1,16.7
2025-03-01,2025-03-08,1,nl,pct wk flu lab det,quantile,0.25,18.1
2025-03-01,2025-03-08,1,nl,pct wk flu lab det,quantile,0.5,19.8
2025-03-01,2025-03-08,1,nl,pct wk flu lab det,quantile,0.75,21.5
2025-03-01,2025-03-08,1,nl,pct wk flu lab det,quantile,0.9,23.2
2025-03-01,2025-03-08,1,nl,pct wk flu lab det,quantile,0.975,25
2025-03-01,2025-03-15,2,nl,pct wk flu lab det,quantile,0.025,16.7
2025-03-01,2025-03-15,2,nl,pct wk flu lab det,quantile,0.1,18.8
2025-03-01,2025-03-15,2,nl,pct wk flu lab det,quantile,0.25,20.7
2025-03-01,2025-03-15,2,nl,pct wk flu lab det,quantile,0.5,22.7
2025-03-01,2025-03-15,2,nl,pct wk flu lab det,quantile,0.75,24.9
2025-03-01,2025-03-15,2,nl,pct wk flu lab det,quantile,0.9,27
2025-03-01,2025-03-15,2,nl,pct wk flu lab det,quantile,0.975,29.5
2025-03-01,2025-03-22,3,nl,pct wk flu lab det,quantile,0.025,18.5
2025-03-01,2025-03-22,3,nl,pct wk flu lab det,quantile,0.1,21
2025-03-01,2025-03-22,3,nl,pct wk flu lab det,quantile,0.25,23.2
2025-03-01,2025-03-22,3,nl,pct wk flu lab det,quantile,0.5,25.7
2025-03-01,2025-03-22,3,nl,pct wk flu lab det,quantile,0.75,28.3
2025-03-01,2025-03-22,3,nl,pct wk flu lab det,quantile,0.9,30.8
2025-03-01,2025-03-22,3,nl,pct wk flu lab det,quantile,0.975,33.7
